subloc: 
position: 
  x: -77.6608959046
  y: 56.2804822754
  z: 0.0
orientation: 
  x: -0.0
  y: -0.0
  z: -0.102030498564
  w: 0.994781271116

maploc: 
position: 
  x: -89.0901855469
  y: 38.9373657227
  z: 0.0
orientation: 
  x: 0.0
  y: 0.0
  z: 0.0
  w: 1.0