subloc: 
position: 
  x: -37.6192412089
  y: 53.0124730474
  z: 0.0
orientation: 
  x: -0.0
  y: -0.0
  z: -0.22026345163
  w: 0.975440419439

maploc: 
position: 
  x: -72.2371765137
  y: 13.6400756836
  z: 0.0
orientation: 
  x: 0.0
  y: 0.0
  z: 0.0
  w: 1.0