subloc: 
position: 
  x: -34.9056493206
  y: -49.2572329576
  z: 0.0
orientation: 
  x: -0.0
  y: -0.0
  z: -0.0217281535382
  w: 0.999763915804

maploc: 
position: 
  x: -54.8090087891
  y: -72.3542358398
  z: 0.0
orientation: 
  x: 0.0
  y: 0.0
  z: 0.0
  w: 1.0