subloc: 
position: 
  x: -23.5680078817
  y: 94.8914328084
  z: 0.0
orientation: 
  x: -0.0
  y: -0.0
  z: -0.124671445406
  w: 0.992198080375

maploc: 
position: 
  x: -40.2093383789
  y: 79.4751098633
  z: 0.0
orientation: 
  x: 0.0
  y: 0.0
  z: 0.0
  w: 1.0