subloc: 
position: 
  x: -20.2103704229
  y: 24.3206302117
  z: 0.0
orientation: 
  x: -0.0
  y: -0.0
  z: -0.220538625235
  w: 0.975378241904

maploc: 
position: 
  x: -58.9752624512
  y: -2.90382080078
  z: 0.0
orientation: 
  x: 0.0
  y: 0.0
  z: 0.0
  w: 1.0