subloc: 
position: 
  x: -10.7490742195
  y: 9.66043471334
  z: 0.0
orientation: 
  x: -0.0
  y: -0.0
  z: -0.221408461672
  w: 0.975181159119

maploc: 
position: 
  x: -26.9611083984
  y: -7.24492492676
  z: 0.0
orientation: 
  x: 0.0
  y: 0.0
  z: 0.0
  w: 1.0