subloc: 
position: 
  x: -30.5055996888
  y: -56.2341632949
  z: 0.0
orientation: 
  x: -0.0
  y: -0.0
  z: -0.0245887502784
  w: 0.999697650972

maploc: 
position: 
  x: -54.9489685059
  y: -69.3819091797
  z: 0.0
orientation: 
  x: 0.0
  y: 0.0
  z: 0.0
  w: 1.0