subloc: 
position: 
  x: -23.4553391021
  y: 12.4331571877
  z: 0.0
orientation: 
  x: -0.0
  y: -0.0
  z: -0.220481046588
  w: 0.97539125898

maploc: 
position: 
  x: -45.7100524902
  y: -6.70557556152
  z: 0.0
orientation: 
  x: 0.0
  y: 0.0
  z: 0.0
  w: 1.0