subloc: 
position: 
  x: -41.7089659725
  y: 57.9329892537
  z: 0.0
orientation: 
  x: -0.0
  y: -0.0
  z: -0.220956502044
  w: 0.975283663456

maploc: 
position: 
  x: -77.5547302246
  y: 17.7725280762
  z: 0.0
orientation: 
  x: 0.0
  y: 0.0
  z: 0.0
  w: 1.0