subloc: 
position: 
  x: -39.0388410719
  y: -42.7459911332
  z: 0.0
orientation: 
  x: -0.0
  y: -0.0
  z: -0.022253951486
  w: 0.999752350156

maploc: 
position: 
  x: -55.3429138184
  y: -66.3322570801
  z: 0.0
orientation: 
  x: 0.0
  y: 0.0
  z: 0.0
  w: 1.0