subloc: 
position: 
  x: -24.0363440112
  y: 97.4471921151
  z: 0.0
orientation: 
  x: -0.0
  y: -0.0
  z: -0.125141287739
  w: 0.992138930847

maploc: 
position: 
  x: -39.7009887695
  y: 78.24921875
  z: 0.0
orientation: 
  x: 0.0
  y: 0.0
  z: 0.0
  w: 1.0