subloc: 
position: 
  x: -77.9004897574
  y: 57.4624058581
  z: 0.0
orientation: 
  x: -0.0
  y: -0.0
  z: -0.102287530743
  w: 0.994754874858

maploc: 
position: 
  x: -86.2772521973
  y: 48.1333557129
  z: 0.0
orientation: 
  x: 0.0
  y: 0.0
  z: 0.0
  w: 1.0