subloc: 
position: 
  x: -62.4984553759
  y: 151.08187836
  z: 0.0
orientation: 
  x: -0.0
  y: -0.0
  z: -0.176630137818
  w: 0.984277295489

maploc: 
position: 
  x: -94.9964172363
  y: 120.736279297
  z: 0.0
orientation: 
  x: 0.0
  y: 0.0
  z: 0.0
  w: 1.0