subloc: 
position: 
  x: -77.2760746866
  y: 168.804390878
  z: 0.0
orientation: 
  x: -0.0
  y: -0.0
  z: -0.176409327352
  w: 0.984316894716

maploc: 
position: 
  x: -94.9590270996
  y: 139.358752441
  z: 0.0
orientation: 
  x: 0.0
  y: 0.0
  z: 0.0
  w: 1.0