subloc: 
position: 
  x: -27.3797931854
  y: 2.66838375049
  z: 0.0
orientation: 
  x: -0.0
  y: -0.0
  z: -0.0649893182963
  w: 0.99788595967

maploc: 
position: 
  x: -41.4930145264
  y: -12.2528579712
  z: 0.0
orientation: 
  x: 0.0
  y: 0.0
  z: 0.0
  w: 1.0