subloc: 
position: 
  x: -72.2937833157
  y: 173.291314829
  z: 0.0
orientation: 
  x: -0.0
  y: -0.0
  z: -0.17470071222
  w: 0.984621582716

maploc: 
position: 
  x: -94.9561157227
  y: 138.094763184
  z: 0.0
orientation: 
  x: 0.0
  y: 0.0
  z: 0.0
  w: 1.0