subloc: 
position: 
  x: -28.9730634094
  y: 81.4045538756
  z: 0.0
orientation: 
  x: -0.0
  y: -0.0
  z: -0.142115382335
  w: 0.989850098805

maploc: 
position: 
  x: -52.2445251465
  y: 66.9978515625
  z: 0.0
orientation: 
  x: 0.0
  y: 0.0
  z: 0.0
  w: 1.0