subloc: 
position: 
  x: -29.9456584962
  y: 14.6805443342
  z: 0.0
orientation: 
  x: -0.0
  y: -0.0
  z: -0.220870106133
  w: 0.975303232957

maploc: 
position: 
  x: -58.9575805664
  y: 1.38304443359
  z: 0.0
orientation: 
  x: 0.0
  y: 0.0
  z: 0.0
  w: 1.0