subloc: 
position: 
  x: -50.4512494501
  y: -28.6121561847
  z: 0.0
orientation: 
  x: -0.0
  y: -0.0
  z: -0.0491181749879
  w: 0.998792973987

maploc: 
position: 
  x: -68.8386962891
  y: -47.4795837402
  z: 0.0
orientation: 
  x: 0.0
  y: 0.0
  z: 0.0
  w: 1.0