subloc: 
position: 
  x: -33.7578688241
  y: 117.275487147
  z: 0.0
orientation: 
  x: -0.0
  y: -0.0
  z: -0.125957264314
  w: 0.992035668495

maploc: 
position: 
  x: -49.0665283203
  y: 97.2409301758
  z: 0.0
orientation: 
  x: 0.0
  y: 0.0
  z: 0.0
  w: 1.0