subloc: 
position: 
  x: -82.2488050534
  y: 174.484418862
  z: 0.0
orientation: 
  x: -0.0
  y: -0.0
  z: -0.154003935855
  w: 0.988070234215

maploc: 
position: 
  x: -99.3077697754
  y: 146.052172852
  z: 0.0
orientation: 
  x: 0.0
  y: 0.0
  z: 0.0
  w: 1.0