subloc: 
position: 
  x: 44.7638427362
  y: -14.665541713
  z: 0.0
orientation: 
  x: -0.0
  y: -0.0
  z: -0.229254611852
  w: 0.973366489532

maploc: 
position: 
  x: 28.8888427734
  y: -29.7675842285
  z: 0.0
orientation: 
  x: 0.0
  y: 0.0
  z: 0.0
  w: 1.0