subloc: 
position: 
  x: -74.007095166
  y: 15.6158342176
  z: 0.0
orientation: 
  x: -0.0
  y: -0.0
  z: -0.0759990492447
  w: 0.997107890107

maploc: 
position: 
  x: -95.6374755859
  y: -10.5972229004
  z: 0.0
orientation: 
  x: 0.0
  y: 0.0
  z: 0.0
  w: 1.0