subloc: 
position: 
  x: -77.6211527045
  y: 83.1886693803
  z: 0.0
orientation: 
  x: -0.0
  y: -0.0
  z: -0.216413463655
  w: 0.976301804131

maploc: 
position: 
  x: -109.185107422
  y: 53.7216674805
  z: 0.0
orientation: 
  x: 0.0
  y: 0.0
  z: 0.0
  w: 1.0