subloc: 
position: 
  x: -82.4187576163
  y: 52.235248229
  z: 0.0
orientation: 
  x: -0.0
  y: -0.0
  z: -0.0940114614935
  w: 0.995571115043

maploc: 
position: 
  x: -87.3772094727
  y: 46.0038574219
  z: 0.0
orientation: 
  x: 0.0
  y: 0.0
  z: 0.0
  w: 1.0