subloc: 
position: 
  x: -58.2889748255
  y: -26.1693787233
  z: 0.0
orientation: 
  x: -0.0
  y: -0.0
  z: -0.0484036181168
  w: 0.998827857918

maploc: 
position: 
  x: -66.963671875
  y: -40.5884033203
  z: 0.0
orientation: 
  x: 0.0
  y: 0.0
  z: 0.0
  w: 1.0