subloc: 
position: 
  x: -36.6292542546
  y: -61.9623090336
  z: 0.0
orientation: 
  x: -0.0
  y: -0.0
  z: -0.0295201782255
  w: 0.999564184571

maploc: 
position: 
  x: -48.9705108643
  y: -74.9230957031
  z: 0.0
orientation: 
  x: 0.0
  y: 0.0
  z: 0.0
  w: 1.0