subloc: 
position: 
  x: -47.2447836398
  y: 69.6934863705
  z: 0.0
orientation: 
  x: -0.0
  y: -0.0
  z: -0.10219607993
  w: 0.994764274211

maploc: 
position: 
  x: -70.7852722168
  y: 44.3690490723
  z: 0.0
orientation: 
  x: 0.0
  y: 0.0
  z: 0.0
  w: 1.0