subloc: 
position: 
  x: -30.6864740091
  y: 89.9660288972
  z: 0.0
orientation: 
  x: -0.0
  y: -0.0
  z: -0.123761082357
  w: 0.99231204492

maploc: 
position: 
  x: -55.6296569824
  y: 69.7709350586
  z: 0.0
orientation: 
  x: 0.0
  y: 0.0
  z: 0.0
  w: 1.0