subloc: 
position: 
  x: -1.8210715943
  y: 1.48321436213
  z: 0.0
orientation: 
  x: 0.0
  y: 0.0
  z: 0.000121077491968
  w: 0.99999999267

maploc: 
position: 
  x: -24.5256118774
  y: -13.4128387451
  z: 0.0
orientation: 
  x: 0.0
  y: 0.0
  z: 0.0
  w: 1.0