subloc: 
position: 
  x: -44.375910224
  y: 129.845463169
  z: 0.0
orientation: 
  x: -0.0
  y: -0.0
  z: -0.130700972907
  w: 0.991421835387

maploc: 
position: 
  x: -52.0208984375
  y: 110.390148926
  z: 0.0
orientation: 
  x: 0.0
  y: 0.0
  z: 0.0
  w: 1.0