subloc: 
position: 
  x: 38.6667816868
  y: -0.196626061336
  z: 0.0
orientation: 
  x: -0.0
  y: -0.0
  z: -0.221704459258
  w: 0.975113907574

maploc: 
position: 
  x: 18.1892196655
  y: -16.4051086426
  z: 0.0
orientation: 
  x: 0.0
  y: 0.0
  z: 0.0
  w: 1.0