subloc: 
position: 
  x: 32.612578533
  y: 8.18246999223
  z: 0.0
orientation: 
  x: -0.0
  y: -0.0
  z: -0.222383699285
  w: 0.974959224938

maploc: 
position: 
  x: 15.4446853638
  y: -13.3476638794
  z: 0.0
orientation: 
  x: 0.0
  y: 0.0
  z: 0.0
  w: 1.0