subloc: 
position: 
  x: 4.78720631325
  y: 16.5456121365
  z: 0.0
orientation: 
  x: -0.0
  y: -0.0
  z: -0.235551597432
  w: 0.971861844578

maploc: 
position: 
  x: -17.3113204956
  y: -8.29867858887
  z: 0.0
orientation: 
  x: 0.0
  y: 0.0
  z: 0.0
  w: 1.0