subloc: 
position: 
  x: -55.9044510172
  y: 52.2911636097
  z: 0.0
orientation: 
  x: -0.0
  y: -0.0
  z: -0.105435759804
  w: 0.994426116187

maploc: 
position: 
  x: -74.9221008301
  y: 17.3596130371
  z: 0.0
orientation: 
  x: 0.0
  y: 0.0
  z: 0.0
  w: 1.0