subloc: 
position: 
  x: -29.0953091933
  y: -58.6134335789
  z: 0.0
orientation: 
  x: -0.0
  y: -0.0
  z: -0.0249243099205
  w: 0.999689341133

maploc: 
position: 
  x: -54.9499328613
  y: -68.8169616699
  z: 0.0
orientation: 
  x: 0.0
  y: 0.0
  z: 0.0
  w: 1.0