subloc: 
position: 
  x: -57.0600571446
  y: -6.43453412382
  z: 0.0
orientation: 
  x: -0.0
  y: -0.0
  z: -0.0467962389072
  w: 0.998904455904

maploc: 
position: 
  x: -82.9307495117
  y: -21.9723602295
  z: 0.0
orientation: 
  x: 0.0
  y: 0.0
  z: 0.0
  w: 1.0