subloc: 
position: 
  x: -58.9979217881
  y: 121.856254967
  z: 0.0
orientation: 
  x: -0.0
  y: -0.0
  z: -0.154184605785
  w: 0.988042057475

maploc: 
position: 
  x: -75.002947998
  y: 92.819140625
  z: 0.0
orientation: 
  x: 0.0
  y: 0.0
  z: 0.0
  w: 1.0