subloc: 
position: 
  x: -28.7897384138
  y: -7.42663913842
  z: 0.0
orientation: 
  x: -0.0
  y: -0.0
  z: -0.0659880987085
  w: 0.997820410108

maploc: 
position: 
  x: -51.3215515137
  y: -29.3869232178
  z: 0.0
orientation: 
  x: 0.0
  y: 0.0
  z: 0.0
  w: 1.0