subloc: 
position: 
  x: -60.9683415124
  y: 73.8469241344
  z: 0.0
orientation: 
  x: -0.0
  y: -0.0
  z: -0.219153018837
  w: 0.975690501304

maploc: 
position: 
  x: -85.8930847168
  y: 45.9555664062
  z: 0.0
orientation: 
  x: 0.0
  y: 0.0
  z: 0.0
  w: 1.0