subloc: 
position: 
  x: -55.2687154846
  y: -22.1212912951
  z: 0.0
orientation: 
  x: -0.0
  y: -0.0
  z: -0.0699531665262
  w: 0.997550276674

maploc: 
position: 
  x: -64.8310913086
  y: -40.7820007324
  z: 0.0
orientation: 
  x: 0.0
  y: 0.0
  z: 0.0
  w: 1.0