subloc: 
position: 
  x: -22.6240963261
  y: 109.37081711
  z: 0.0
orientation: 
  x: -0.0
  y: -0.0
  z: -0.136013467668
  w: 0.990706988273

maploc: 
position: 
  x: -44.6217895508
  y: 89.1601318359
  z: 0.0
orientation: 
  x: 0.0
  y: 0.0
  z: 0.0
  w: 1.0