subloc: 
position: 
  x: -3.28088204548
  y: 1.3073024147
  z: 0.0
orientation: 
  x: -0.0
  y: -0.0
  z: -0.237127381959
  w: 0.971478566272

maploc: 
position: 
  x: -26.1915679932
  y: -15.5348876953
  z: 0.0
orientation: 
  x: 0.0
  y: 0.0
  z: 0.0
  w: 1.0