subloc: 
position: 
  x: -29.3654347704
  y: 104.820557214
  z: 0.0
orientation: 
  x: -0.0
  y: -0.0
  z: -0.124867031071
  w: 0.992173485108

maploc: 
position: 
  x: -47.9207427979
  y: 87.3995483398
  z: 0.0
orientation: 
  x: 0.0
  y: 0.0
  z: 0.0
  w: 1.0