subloc: 
position: 
  x: -60.806514477
  y: 119.051631739
  z: 0.0
orientation: 
  x: -0.0
  y: -0.0
  z: -0.152108447195
  w: 0.988363809683

maploc: 
position: 
  x: -78.0024047852
  y: 88.9176757813
  z: 0.0
orientation: 
  x: 0.0
  y: 0.0
  z: 0.0
  w: 1.0