subloc: 
position: 
  x: -82.2455913561
  y: 57.962548172
  z: 0.0
orientation: 
  x: -0.0
  y: -0.0
  z: -0.0993147952174
  w: 0.995056064476

maploc: 
position: 
  x: -90.2659606934
  y: 45.6586975098
  z: 0.0
orientation: 
  x: 0.0
  y: 0.0
  z: 0.0
  w: 1.0