subloc: 
position: 
  x: -58.7736581576
  y: 60.9865735997
  z: 0.0
orientation: 
  x: -0.0
  y: -0.0
  z: -0.106486100569
  w: 0.994314190981

maploc: 
position: 
  x: -76.1579650879
  y: 28.4617126465
  z: 0.0
orientation: 
  x: 0.0
  y: 0.0
  z: 0.0
  w: 1.0