subloc: 
position: 
  x: -62.6186988234
  y: 97.7601560052
  z: 0.0
orientation: 
  x: -0.0
  y: -0.0
  z: -0.216744439229
  w: 0.97622837905

maploc: 
position: 
  x: -106.451074219
  y: 67.6617797852
  z: 0.0
orientation: 
  x: 0.0
  y: 0.0
  z: 0.0
  w: 1.0