subloc: 
position: 
  x: -56.3699149688
  y: 151.402003967
  z: 0.0
orientation: 
  x: -0.0
  y: -0.0
  z: -0.176317007966
  w: 0.984333435733

maploc: 
position: 
  x: -88.0670349121
  y: 125.032055664
  z: 0.0
orientation: 
  x: 0.0
  y: 0.0
  z: 0.0
  w: 1.0