subloc: 
position: 
  x: -89.4924374497
  y: 75.7541427871
  z: 0.0
orientation: 
  x: -0.0
  y: -0.0
  z: -0.219044586082
  w: 0.975714850409

maploc: 
position: 
  x: -114.05958252
  y: 58.7518310547
  z: 0.0
orientation: 
  x: 0.0
  y: 0.0
  z: 0.0
  w: 1.0