subloc: 
position: 
  x: -82.0485688664
  y: 91.9181228977
  z: 0.0
orientation: 
  x: -0.0
  y: -0.0
  z: -0.208668233684
  w: 0.977986486743

maploc: 
position: 
  x: -114.396789551
  y: 56.8513305664
  z: 0.0
orientation: 
  x: 0.0
  y: 0.0
  z: 0.0
  w: 1.0