subloc: 
position: 
  x: 43.1527926223
  y: -17.5898532048
  z: 0.0
orientation: 
  x: -0.0
  y: -0.0
  z: -0.22998153814
  w: 0.973194991826

maploc: 
position: 
  x: 28.8593322754
  y: -30.9216766357
  z: 0.0
orientation: 
  x: 0.0
  y: 0.0
  z: 0.0
  w: 1.0