subloc: 
position: 
  x: -69.6004462415
  y: 108.766381564
  z: 0.0
orientation: 
  x: -0.0
  y: -0.0
  z: -0.176865533835
  w: 0.98423502424

maploc: 
position: 
  x: -100.991040039
  y: 70.1853759766
  z: 0.0
orientation: 
  x: 0.0
  y: 0.0
  z: 0.0
  w: 1.0