subloc: 
position: 
  x: 31.4306648383
  y: -9.31587777619
  z: 0.0
orientation: 
  x: -0.0
  y: -0.0
  z: -0.244174700765
  w: 0.969731259425

maploc: 
position: 
  x: 13.4263717651
  y: -26.1708221436
  z: 0.0
orientation: 
  x: 0.0
  y: 0.0
  z: 0.0
  w: 1.0