subloc: 
position: 
  x: -82.7093752022
  y: 25.3711737241
  z: 0.0
orientation: 
  x: -0.0
  y: -0.0
  z: -0.0456804923238
  w: 0.998956101448

maploc: 
position: 
  x: -93.2980834961
  y: -1.50864562988
  z: 0.0
orientation: 
  x: 0.0
  y: 0.0
  z: 0.0
  w: 1.0