subloc: 
position: 
  x: -85.4413513199
  y: 39.5749996872
  z: 0.0
orientation: 
  x: -0.0
  y: -0.0
  z: -0.0800227614836
  w: 0.996793036515

maploc: 
position: 
  x: -102.907226562
  y: 25.503616333
  z: 0.0
orientation: 
  x: 0.0
  y: 0.0
  z: 0.0
  w: 1.0