subloc: 
position: 
  x: -49.3483541867
  y: 155.585833338
  z: 0.0
orientation: 
  x: -0.0
  y: -0.0
  z: -0.176517877146
  w: 0.984297434238

maploc: 
position: 
  x: -80.9293212891
  y: 124.349182129
  z: 0.0
orientation: 
  x: 0.0
  y: 0.0
  z: 0.0
  w: 1.0