subloc: 
position: 
  x: -31.9220375364
  y: -63.4649272641
  z: 0.0
orientation: 
  x: -0.0
  y: -0.0
  z: -0.0266437219125
  w: 0.999644993026

maploc: 
position: 
  x: -50.9188354492
  y: -74.8193603516
  z: 0.0
orientation: 
  x: 0.0
  y: 0.0
  z: 0.0
  w: 1.0