subloc: 
position: 
  x: -33.2437387252
  y: 113.451143021
  z: 0.0
orientation: 
  x: -0.0
  y: -0.0
  z: -0.12666558259
  w: 0.991945477427

maploc: 
position: 
  x: -49.3703613281
  y: 96.0796386719
  z: 0.0
orientation: 
  x: 0.0
  y: 0.0
  z: 0.0
  w: 1.0