subloc: 
position: 
  x: -75.1261232427
  y: 76.420494953
  z: 0.0
orientation: 
  x: -0.0
  y: -0.0
  z: -0.210790707885
  w: 0.977531215599

maploc: 
position: 
  x: -106.082263184
  y: 48.8538818359
  z: 0.0
orientation: 
  x: 0.0
  y: 0.0
  z: 0.0
  w: 1.0