subloc: 
position: 
  x: -34.5390363106
  y: -6.68058081783
  z: 0.0
orientation: 
  x: -0.0
  y: -0.0
  z: -0.0137026889957
  w: 0.99990611375

maploc: 
position: 
  x: -40.957510376
  y: -23.1262634277
  z: 0.0
orientation: 
  x: 0.0
  y: 0.0
  z: 0.0
  w: 1.0