subloc: 
position: 
  x: -36.7286979914
  y: 82.3809415417
  z: 0.0
orientation: 
  x: -0.0
  y: -0.0
  z: -0.117776159258
  w: 0.993040168528

maploc: 
position: 
  x: -53.4294006348
  y: 65.6443786621
  z: 0.0
orientation: 
  x: 0.0
  y: 0.0
  z: 0.0
  w: 1.0