subloc: 
position: 
  x: 19.2720340346
  y: 23.3861978453
  z: 0.0
orientation: 
  x: -0.0
  y: -0.0
  z: -0.228221119154
  w: 0.973609326564

maploc: 
position: 
  x: -6.82182159424
  y: -3.86843566895
  z: 0.0
orientation: 
  x: 0.0
  y: 0.0
  z: 0.0
  w: 1.0