subloc: 
position: 
  x: -93.8207906591
  y: 51.2749321792
  z: 0.0
orientation: 
  x: -0.0
  y: -0.0
  z: -0.0886824328886
  w: 0.996059951056

maploc: 
position: 
  x: -105.490869141
  y: 40.0998779297
  z: 0.0
orientation: 
  x: 0.0
  y: 0.0
  z: 0.0
  w: 1.0