subloc: 
position: 
  x: -41.9046896644
  y: -17.6220398232
  z: 0.0
orientation: 
  x: -0.0
  y: -0.0
  z: -0.0204405214303
  w: 0.999791070716

maploc: 
position: 
  x: -54.4098632813
  y: -31.3002685547
  z: 0.0
orientation: 
  x: 0.0
  y: 0.0
  z: 0.0
  w: 1.0