subloc: 
position: 
  x: -33.8166212564
  y: 125.250075947
  z: 0.0
orientation: 
  x: -0.0
  y: -0.0
  z: -0.135316850064
  w: 0.990802376909

maploc: 
position: 
  x: -53.0886230469
  y: 101.006140137
  z: 0.0
orientation: 
  x: 0.0
  y: 0.0
  z: 0.0
  w: 1.0