subloc: 
position: 
  x: -101.743937528
  y: 51.7101238809
  z: 0.0
orientation: 
  x: -0.0
  y: -0.0
  z: -0.0964620468038
  w: 0.995336663409

maploc: 
position: 
  x: -113.23104248
  y: 34.8435119629
  z: 0.0
orientation: 
  x: 0.0
  y: 0.0
  z: 0.0
  w: 1.0