subloc: 
position: 
  x: -44.0617293657
  y: -41.2155120666
  z: 0.0
orientation: 
  x: -0.0
  y: -0.0
  z: -0.0213905662071
  w: 0.999771195663

maploc: 
position: 
  x: -54.8278991699
  y: -55.6069091797
  z: 0.0
orientation: 
  x: 0.0
  y: 0.0
  z: 0.0
  w: 1.0