subloc: 
position: 
  x: 38.5037387798
  y: -4.41675779826
  z: 0.0
orientation: 
  x: -0.0
  y: -0.0
  z: -0.228899115548
  w: 0.973450150188

maploc: 
position: 
  x: 17.1767120361
  y: -23.1355056763
  z: 0.0
orientation: 
  x: 0.0
  y: 0.0
  z: 0.0
  w: 1.0