subloc: 
position: 
  x: -34.1934595973
  y: -63.9134350368
  z: 0.0
orientation: 
  x: -0.0
  y: -0.0
  z: -0.0272115080008
  w: 0.999629698355

maploc: 
position: 
  x: -56.813293457
  y: -74.7939086914
  z: 0.0
orientation: 
  x: 0.0
  y: 0.0
  z: 0.0
  w: 1.0