subloc: 
position: 
  x: -48.9138791617
  y: -43.9159088914
  z: 0.0
orientation: 
  x: -0.0
  y: -0.0
  z: -0.0479130741906
  w: 0.998851509145

maploc: 
position: 
  x: -57.4296936035
  y: -70.5220703125
  z: 0.0
orientation: 
  x: 0.0
  y: 0.0
  z: 0.0
  w: 1.0