subloc: 
position: 
  x: -65.2416489024
  y: 181.526677942
  z: 0.0
orientation: 
  x: -0.0
  y: -0.0
  z: -0.156742699302
  w: 0.987639471779

maploc: 
position: 
  x: -92.1652893066
  y: 147.750720215
  z: 0.0
orientation: 
  x: 0.0
  y: 0.0
  z: 0.0
  w: 1.0