subloc: 
position: 
  x: -32.6841740988
  y: 127.457158669
  z: 0.0
orientation: 
  x: -0.0
  y: -0.0
  z: -0.135046100651
  w: 0.990839316286

maploc: 
position: 
  x: -53.5529602051
  y: 102.367907715
  z: 0.0
orientation: 
  x: 0.0
  y: 0.0
  z: 0.0
  w: 1.0