subloc: 
position: 
  x: -101.809270031
  y: 93.9384759751
  z: 0.0
orientation: 
  x: -0.0
  y: -0.0
  z: -0.190181664599
  w: 0.981748916195

maploc: 
position: 
  x: -116.387097168
  y: 66.4591918945
  z: 0.0
orientation: 
  x: 0.0
  y: 0.0
  z: 0.0
  w: 1.0