subloc: 
position: 
  x: -62.8357808358
  y: 63.0797489686
  z: 0.0
orientation: 
  x: -0.0
  y: -0.0
  z: -0.106981850226
  w: 0.994260973649

maploc: 
position: 
  x: -78.7710693359
  y: 36.1628173828
  z: 0.0
orientation: 
  x: 0.0
  y: 0.0
  z: 0.0
  w: 1.0