subloc: 
position: 
  x: -32.6018827087
  y: 110.737893718
  z: 0.0
orientation: 
  x: -0.0
  y: -0.0
  z: -0.12559529566
  w: 0.992081560008

maploc: 
position: 
  x: -47.9256439209
  y: 87.3363037109
  z: 0.0
orientation: 
  x: 0.0
  y: 0.0
  z: 0.0
  w: 1.0