subloc: 
position: 
  x: -27.2954689384
  y: -9.34668143549
  z: 0.0
orientation: 
  x: -0.0
  y: -0.0
  z: -0.00404734530521
  w: 0.999991809464

maploc: 
position: 
  x: -42.0461791992
  y: -22.1805053711
  z: 0.0
orientation: 
  x: 0.0
  y: 0.0
  z: 0.0
  w: 1.0