subloc: 
position: 
  x: -37.6960043089
  y: -62.4046241077
  z: 0.0
orientation: 
  x: -0.0
  y: -0.0
  z: -0.0281137856725
  w: 0.999604729408

maploc: 
position: 
  x: -56.6926757813
  y: -72.7100952148
  z: 0.0
orientation: 
  x: 0.0
  y: 0.0
  z: 0.0
  w: 1.0