subloc: 
position: 
  x: -61.1345285856
  y: 133.216466078
  z: 0.0
orientation: 
  x: -0.0
  y: -0.0
  z: -0.154849560222
  w: 0.987938061671

maploc: 
position: 
  x: -78.1723693848
  y: 119.785046387
  z: 0.0
orientation: 
  x: 0.0
  y: 0.0
  z: 0.0
  w: 1.0