subloc: 
position: 
  x: -38.1160388753
  y: -8.34628267892
  z: 0.0
orientation: 
  x: -0.0
  y: -0.0
  z: -0.0165314656729
  w: 0.999863345984

maploc: 
position: 
  x: -52.7515075684
  y: -29.0980163574
  z: 0.0
orientation: 
  x: 0.0
  y: 0.0
  z: 0.0
  w: 1.0