subloc: 
position: 
  x: -33.8866630578
  y: 119.21286877
  z: 0.0
orientation: 
  x: -0.0
  y: -0.0
  z: -0.135112439356
  w: 0.990830272414

maploc: 
position: 
  x: -54.6666564941
  y: 93.7360717773
  z: 0.0
orientation: 
  x: 0.0
  y: 0.0
  z: 0.0
  w: 1.0