subloc: 
position: 
  x: -43.5768765697
  y: 128.960112404
  z: 0.0
orientation: 
  x: -0.0
  y: -0.0
  z: -0.128861460452
  w: 0.991662605935

maploc: 
position: 
  x: -51.1059509277
  y: 110.422070313
  z: 0.0
orientation: 
  x: 0.0
  y: 0.0
  z: 0.0
  w: 1.0