subloc: 
position: 
  x: -9.24258648171
  y: -0.638889623639
  z: 0.0
orientation: 
  x: -0.0
  y: -0.0
  z: -0.237225196558
  w: 0.971454685571

maploc: 
position: 
  x: -28.9866333008
  y: -20.9137542725
  z: 0.0
orientation: 
  x: 0.0
  y: 0.0
  z: 0.0
  w: 1.0