subloc: 
position: 
  x: -101.800529194
  y: 101.905559919
  z: 0.0
orientation: 
  x: -0.0
  y: -0.0
  z: -0.186375872748
  w: 0.982478515825

maploc: 
position: 
  x: -118.794104004
  y: 66.4984375
  z: 0.0
orientation: 
  x: 0.0
  y: 0.0
  z: 0.0
  w: 1.0