subloc: 
position: 
  x: -22.0254435254
  y: 19.4296260878
  z: 0.0
orientation: 
  x: -0.0
  y: -0.0
  z: -0.220931293899
  w: 0.975289374174

maploc: 
position: 
  x: -58.9591674805
  y: -2.89128723145
  z: 0.0
orientation: 
  x: 0.0
  y: 0.0
  z: 0.0
  w: 1.0