subloc: 
position: 
  x: -55.8458116479
  y: -14.6359702835
  z: 0.0
orientation: 
  x: -0.0
  y: -0.0
  z: -0.0702766692829
  w: 0.997527538344

maploc: 
position: 
  x: -79.5710876465
  y: -31.649621582
  z: 0.0
orientation: 
  x: 0.0
  y: 0.0
  z: 0.0
  w: 1.0