subloc: 
position: 
  x: -68.691500783
  y: 165.297969434
  z: 0.0
orientation: 
  x: -0.0
  y: -0.0
  z: -0.177346684848
  w: 0.984148440721

maploc: 
position: 
  x: -94.2992553711
  y: 138.386254883
  z: 0.0
orientation: 
  x: 0.0
  y: 0.0
  z: 0.0
  w: 1.0