subloc: 
position: 
  x: 11.3388193333
  y: 21.6863680817
  z: 0.0
orientation: 
  x: -0.0
  y: -0.0
  z: -0.221576056212
  w: 0.975143092737

maploc: 
position: 
  x: -13.8710601807
  y: -8.62118835449
  z: 0.0
orientation: 
  x: 0.0
  y: 0.0
  z: 0.0
  w: 1.0