subloc: 
position: 
  x: -91.0320358748
  y: 51.2169735053
  z: 0.0
orientation: 
  x: -0.0
  y: -0.0
  z: -0.0881107495894
  w: 0.996110684516

maploc: 
position: 
  x: -105.116650391
  y: 36.9260070801
  z: 0.0
orientation: 
  x: 0.0
  y: 0.0
  z: 0.0
  w: 1.0