subloc: 
position: 
  x: 38.141053221
  y: -17.6821392532
  z: 0.0
orientation: 
  x: -0.0
  y: -0.0
  z: -0.236032247593
  w: 0.971745222832

maploc: 
position: 
  x: 13.9934356689
  y: -30.6520385742
  z: 0.0
orientation: 
  x: 0.0
  y: 0.0
  z: 0.0
  w: 1.0