subloc: 
position: 
  x: -54.4544624224
  y: 134.92139226
  z: 0.0
orientation: 
  x: -0.0
  y: -0.0
  z: -0.178847249024
  w: 0.983876852821

maploc: 
position: 
  x: -78.6126342773
  y: 119.904077148
  z: 0.0
orientation: 
  x: 0.0
  y: 0.0
  z: 0.0
  w: 1.0