subloc: 
position: 
  x: -46.5175854321
  y: 153.285492268
  z: 0.0
orientation: 
  x: -0.0
  y: -0.0
  z: -0.177061345401
  w: 0.984199817092

maploc: 
position: 
  x: -84.5992797852
  y: 129.773950195
  z: 0.0
orientation: 
  x: 0.0
  y: 0.0
  z: 0.0
  w: 1.0