subloc: 
position: 
  x: -16.0236227263
  y: 12.5133761665
  z: 0.0
orientation: 
  x: -0.0
  y: -0.0
  z: -0.220574408672
  w: 0.975370150373

maploc: 
position: 
  x: -29.2262207031
  y: -6.10898742676
  z: 0.0
orientation: 
  x: 0.0
  y: 0.0
  z: 0.0
  w: 1.0