subloc: 
position: 
  x: -38.0661529416
  y: -3.44155862458
  z: 0.0
orientation: 
  x: -0.0
  y: -0.0
  z: -0.0567596316777
  w: 0.998387872629

maploc: 
position: 
  x: -60.8552001953
  y: -20.7587844849
  z: 0.0
orientation: 
  x: 0.0
  y: 0.0
  z: 0.0
  w: 1.0