subloc: 
position: 
  x: -87.5876128298
  y: 46.5691477632
  z: 0.0
orientation: 
  x: -0.0
  y: -0.0
  z: -0.0972607650206
  w: 0.995258932935

maploc: 
position: 
  x: -101.343426514
  y: 36.981854248
  z: 0.0
orientation: 
  x: 0.0
  y: 0.0
  z: 0.0
  w: 1.0