subloc: 
position: 
  x: -68.2806783121
  y: 162.95672527
  z: 0.0
orientation: 
  x: -0.0
  y: -0.0
  z: -0.17772164487
  w: 0.984080797976

maploc: 
position: 
  x: -95.7375671387
  y: 134.544372559
  z: 0.0
orientation: 
  x: 0.0
  y: 0.0
  z: 0.0
  w: 1.0