subloc: 
position: 
  x: -30.6106457816
  y: 124.026100303
  z: 0.0
orientation: 
  x: -0.0
  y: -0.0
  z: -0.136302274621
  w: 0.990667295278

maploc: 
position: 
  x: -50.9939819336
  y: 108.344335938
  z: 0.0
orientation: 
  x: 0.0
  y: 0.0
  z: 0.0
  w: 1.0