subloc: 
position: 
  x: -96.2336129324
  y: 95.0175471174
  z: 0.0
orientation: 
  x: -0.0
  y: -0.0
  z: -0.193968692096
  w: 0.981007719891

maploc: 
position: 
  x: -117.008813477
  y: 65.8628662109
  z: 0.0
orientation: 
  x: 0.0
  y: 0.0
  z: 0.0
  w: 1.0