subloc: 
position: 
  x: -60.8799161108
  y: 8.1023905251
  z: 0.0
orientation: 
  x: -0.0
  y: -0.0
  z: -0.0430870046189
  w: 0.999071323797

maploc: 
position: 
  x: -91.2877807617
  y: -15.7363372803
  z: 0.0
orientation: 
  x: 0.0
  y: 0.0
  z: 0.0
  w: 1.0