subloc: 
position: 
  x: -76.177312971
  y: 116.201685469
  z: 0.0
orientation: 
  x: -0.0
  y: -0.0
  z: -0.174748312937
  w: 0.984613135767

maploc: 
position: 
  x: -107.654980469
  y: 86.9941040039
  z: 0.0
orientation: 
  x: 0.0
  y: 0.0
  z: 0.0
  w: 1.0