subloc: 
position: 
  x: -45.239703338
  y: 98.3280427537
  z: 0.0
orientation: 
  x: -0.0
  y: -0.0
  z: -0.153228778198
  w: 0.988190741472

maploc: 
position: 
  x: -77.047479248
  y: 72.1770996094
  z: 0.0
orientation: 
  x: 0.0
  y: 0.0
  z: 0.0
  w: 1.0