subloc: 
position: 
  x: -29.2023082643
  y: 38.2089536765
  z: 0.0
orientation: 
  x: -0.0
  y: -0.0
  z: -0.219234215528
  w: 0.975672259902

maploc: 
position: 
  x: -55.8875549316
  y: 3.29193115234
  z: 0.0
orientation: 
  x: 0.0
  y: 0.0
  z: 0.0
  w: 1.0