subloc: 
position: 
  x: -71.5915296523
  y: 181.810084908
  z: 0.0
orientation: 
  x: -0.0
  y: -0.0
  z: -0.156233866324
  w: 0.987720091429

maploc: 
position: 
  x: -92.2444519043
  y: 148.087207031
  z: 0.0
orientation: 
  x: 0.0
  y: 0.0
  z: 0.0
  w: 1.0