subloc: 
position: 
  x: -65.9393770329
  y: -0.326590167823
  z: 0.0
orientation: 
  x: -0.0
  y: -0.0
  z: -0.0457991882776
  w: 0.998950666626

maploc: 
position: 
  x: -85.2646118164
  y: -21.3976806641
  z: 0.0
orientation: 
  x: 0.0
  y: 0.0
  z: 0.0
  w: 1.0