subloc: 
position: 
  x: -37.7152739462
  y: -21.0508192514
  z: 0.0
orientation: 
  x: -0.0
  y: -0.0
  z: -0.0201488315027
  w: 0.999796991688

maploc: 
position: 
  x: -53.3797607422
  y: -31.3072906494
  z: 0.0
orientation: 
  x: 0.0
  y: 0.0
  z: 0.0
  w: 1.0