subloc: 
position: 
  x: -78.8615245651
  y: 61.0622637335
  z: 0.0
orientation: 
  x: -0.0
  y: -0.0
  z: -0.101218015126
  w: 0.99486426884

maploc: 
position: 
  x: -88.5271911621
  y: 51.6074890137
  z: 0.0
orientation: 
  x: 0.0
  y: 0.0
  z: 0.0
  w: 1.0