subloc: 
position: 
  x: -34.3155113441
  y: -7.34828384002
  z: 0.0
orientation: 
  x: -0.0
  y: -0.0
  z: -0.0122248167862
  w: 0.999925274135

maploc: 
position: 
  x: -40.8448669434
  y: -19.8543762207
  z: 0.0
orientation: 
  x: 0.0
  y: 0.0
  z: 0.0
  w: 1.0