subloc: 
position: 
  x: -38.0877065843
  y: 20.8480513257
  z: 0.0
orientation: 
  x: -0.0
  y: -0.0
  z: -0.221114363058
  w: 0.975247885642

maploc: 
position: 
  x: -58.7119750977
  y: 0.609625244141
  z: 0.0
orientation: 
  x: 0.0
  y: 0.0
  z: 0.0
  w: 1.0