subloc: 
position: 
  x: -22.0092850016
  y: 91.274184609
  z: 0.0
orientation: 
  x: -0.0
  y: -0.0
  z: -0.139976070969
  w: 0.99015488665

maploc: 
position: 
  x: -45.6382781982
  y: 66.7025390625
  z: 0.0
orientation: 
  x: 0.0
  y: 0.0
  z: 0.0
  w: 1.0