subloc: 
position: 
  x: 4.54311768495
  y: 17.6254402737
  z: 0.0
orientation: 
  x: -0.0
  y: -0.0
  z: -0.220619910502
  w: 0.975359859278

maploc: 
position: 
  x: -15.7758407593
  y: -12.1777801514
  z: 0.0
orientation: 
  x: 0.0
  y: 0.0
  z: 0.0
  w: 1.0