subloc: 
position: 
  x: 36.3145684251
  y: -5.24340188496
  z: 0.0
orientation: 
  x: -0.0
  y: -0.0
  z: -0.227830351589
  w: 0.973700842608

maploc: 
position: 
  x: 19.3389984131
  y: -18.7741958618
  z: 0.0
orientation: 
  x: 0.0
  y: 0.0
  z: 0.0
  w: 1.0