subloc: 
position: 
  x: -35.0401073128
  y: -55.1120584663
  z: 0.0
orientation: 
  x: -0.0
  y: -0.0
  z: -0.0223776551898
  w: 0.999749588921

maploc: 
position: 
  x: -50.2067199707
  y: -73.2436523438
  z: 0.0
orientation: 
  x: 0.0
  y: 0.0
  z: 0.0
  w: 1.0