subloc: 
position: 
  x: -52.1045415218
  y: -23.4540585091
  z: 0.0
orientation: 
  x: -0.0
  y: -0.0
  z: -0.0692346916412
  w: 0.997600399696

maploc: 
position: 
  x: -67.7679870605
  y: -47.1802062988
  z: 0.0
orientation: 
  x: 0.0
  y: 0.0
  z: 0.0
  w: 1.0