subloc: 
position: 
  x: -35.0586678112
  y: 80.7606058723
  z: 0.0
orientation: 
  x: -0.0
  y: -0.0
  z: -0.118990414914
  w: 0.99289540293

maploc: 
position: 
  x: -51.9778442383
  y: 69.5893615723
  z: 0.0
orientation: 
  x: 0.0
  y: 0.0
  z: 0.0
  w: 1.0