subloc: 
position: 
  x: -43.090548484
  y: -56.2449428207
  z: 0.0
orientation: 
  x: -0.0
  y: -0.0
  z: -0.0346344180732
  w: 0.999400048572

maploc: 
position: 
  x: -58.2315856934
  y: -75.9359741211
  z: 0.0
orientation: 
  x: 0.0
  y: 0.0
  z: 0.0
  w: 1.0