subloc: 
position: 
  x: -78.1060629424
  y: 23.1528087542
  z: 0.0
orientation: 
  x: -0.0
  y: -0.0
  z: -0.0763903467066
  w: 0.997077988389

maploc: 
position: 
  x: -93.8133422852
  y: 2.66014709473
  z: 0.0
orientation: 
  x: 0.0
  y: 0.0
  z: 0.0
  w: 1.0