subloc: 
position: 
  x: -39.8507624875
  y: 124.860810531
  z: 0.0
orientation: 
  x: -0.0
  y: -0.0
  z: -0.127396881547
  w: 0.991851820874

maploc: 
position: 
  x: -52.0484680176
  y: 103.010424805
  z: 0.0
orientation: 
  x: 0.0
  y: 0.0
  z: 0.0
  w: 1.0