subloc: 
position: 
  x: -35.6045782729
  y: 116.604967642
  z: 0.0
orientation: 
  x: -0.0
  y: -0.0
  z: -0.127452407743
  w: 0.991844687318

maploc: 
position: 
  x: -56.2106323242
  y: 96.1730957031
  z: 0.0
orientation: 
  x: 0.0
  y: 0.0
  z: 0.0
  w: 1.0