subloc: 
position: 
  x: -35.760256413
  y: 115.537121958
  z: 0.0
orientation: 
  x: -0.0
  y: -0.0
  z: -0.128241975862
  w: 0.99174290803

maploc: 
position: 
  x: -46.3486907959
  y: 96.0993041992
  z: 0.0
orientation: 
  x: 0.0
  y: 0.0
  z: 0.0
  w: 1.0