subloc: 
position: 
  x: -28.9781015699
  y: -59.150608743
  z: 0.0
orientation: 
  x: -0.0
  y: -0.0
  z: -0.0246888834839
  w: 0.999695183059

maploc: 
position: 
  x: -50.5296112061
  y: -68.2274047852
  z: 0.0
orientation: 
  x: 0.0
  y: 0.0
  z: 0.0
  w: 1.0