subloc: 
position: 
  x: -52.8704585938
  y: -45.7323993497
  z: 0.0
orientation: 
  x: -0.0
  y: -0.0
  z: -0.0449404434887
  w: 0.998989667884

maploc: 
position: 
  x: -58.2143310547
  y: -70.7299438477
  z: 0.0
orientation: 
  x: 0.0
  y: 0.0
  z: 0.0
  w: 1.0