subloc: 
position: 
  x: -95.131186358
  y: 105.867053209
  z: 0.0
orientation: 
  x: -0.0
  y: -0.0
  z: -0.183115405331
  w: 0.983091424197

maploc: 
position: 
  x: -112.057958984
  y: 81.7104736328
  z: 0.0
orientation: 
  x: 0.0
  y: 0.0
  z: 0.0
  w: 1.0