subloc: 
position: 
  x: -86.5935370713
  y: 71.2171310095
  z: 0.0
orientation: 
  x: -0.0
  y: -0.0
  z: -0.219710252602
  w: 0.975565172042

maploc: 
position: 
  x: -113.147241211
  y: 56.5756347656
  z: 0.0
orientation: 
  x: 0.0
  y: 0.0
  z: 0.0
  w: 1.0