subloc: 
position: 
  x: -102.957035386
  y: 88.4919618359
  z: 0.0
orientation: 
  x: -0.0
  y: -0.0
  z: -0.19880903847
  w: 0.980038247327

maploc: 
position: 
  x: -118.378710938
  y: 61.7803955078
  z: 0.0
orientation: 
  x: 0.0
  y: 0.0
  z: 0.0
  w: 1.0