subloc: 
position: 
  x: -48.6825276985
  y: 80.0867044225
  z: 0.0
orientation: 
  x: -0.0
  y: -0.0
  z: -0.108513674764
  w: 0.994094956425

maploc: 
position: 
  x: -53.4499267578
  y: 66.6521484375
  z: 0.0
orientation: 
  x: 0.0
  y: 0.0
  z: 0.0
  w: 1.0