subloc: 
position: 
  x: -34.2596819541
  y: 130.655166118
  z: 0.0
orientation: 
  x: -0.0
  y: -0.0
  z: -0.13315780604
  w: 0.991094848484

maploc: 
position: 
  x: -54.3745910645
  y: 98.3027587891
  z: 0.0
orientation: 
  x: 0.0
  y: 0.0
  z: 0.0
  w: 1.0