subloc: 
position: 
  x: -97.3150134122
  y: 62.3585197925
  z: 0.0
orientation: 
  x: -0.0
  y: -0.0
  z: -0.0940193734874
  w: 0.995570367884

maploc: 
position: 
  x: -114.179125977
  y: 48.5395507812
  z: 0.0
orientation: 
  x: 0.0
  y: 0.0
  z: 0.0
  w: 1.0