subloc: 
position: 
  x: -29.6239004393
  y: 81.7245241769
  z: 0.0
orientation: 
  x: -0.0
  y: -0.0
  z: -0.121325956807
  w: 0.992612720151

maploc: 
position: 
  x: -43.2533843994
  y: 69.4646606445
  z: 0.0
orientation: 
  x: 0.0
  y: 0.0
  z: 0.0
  w: 1.0