subloc: 
position: 
  x: -68.193030183
  y: 8.38897965487
  z: 0.0
orientation: 
  x: -0.0
  y: -0.0
  z: -0.0468125664167
  w: 0.998903690866

maploc: 
position: 
  x: -89.9247070313
  y: -16.6988769531
  z: 0.0
orientation: 
  x: 0.0
  y: 0.0
  z: 0.0
  w: 1.0