subloc: 
position: 
  x: -76.4547751781
  y: 17.2775713919
  z: 0.0
orientation: 
  x: -0.0
  y: -0.0
  z: -0.0512748438382
  w: 0.99868458003

maploc: 
position: 
  x: -94.5232788086
  y: 2.1040435791
  z: 0.0
orientation: 
  x: 0.0
  y: 0.0
  z: 0.0
  w: 1.0