subloc: 
position: 
  x: -79.6763452958
  y: 53.8444260848
  z: 0.0
orientation: 
  x: -0.0
  y: -0.0
  z: -0.0949871843516
  w: 0.995478495403

maploc: 
position: 
  x: -90.1292053223
  y: 45.3091369629
  z: 0.0
orientation: 
  x: 0.0
  y: 0.0
  z: 0.0
  w: 1.0