subloc: 
position: 
  x: -73.2656200023
  y: 14.2182418625
  z: 0.0
orientation: 
  x: -0.0
  y: -0.0
  z: -0.0493736422364
  w: 0.998780377987

maploc: 
position: 
  x: -92.9015075684
  y: -8.70224609375
  z: 0.0
orientation: 
  x: 0.0
  y: 0.0
  z: 0.0
  w: 1.0