subloc: 
position: 
  x: -73.5848824733
  y: 13.4160376835
  z: 0.0
orientation: 
  x: -0.0
  y: -0.0
  z: -0.0629627509309
  w: 0.998015877627

maploc: 
position: 
  x: -90.2651977539
  y: -11.3383880615
  z: 0.0
orientation: 
  x: 0.0
  y: 0.0
  z: 0.0
  w: 1.0