subloc: 
position: 
  x: -26.842903889
  y: 99.2811044337
  z: 0.0
orientation: 
  x: -0.0
  y: -0.0
  z: -0.124936145093
  w: 0.992164784524

maploc: 
position: 
  x: -42.0626586914
  y: 85.5414550781
  z: 0.0
orientation: 
  x: 0.0
  y: 0.0
  z: 0.0
  w: 1.0