subloc: 
position: 
  x: -45.9715153747
  y: 49.3413744105
  z: 0.0
orientation: 
  x: -0.0
  y: -0.0
  z: -0.104524459831
  w: 0.994522316138

maploc: 
position: 
  x: -68.1941833496
  y: 22.6239440918
  z: 0.0
orientation: 
  x: 0.0
  y: 0.0
  z: 0.0
  w: 1.0