subloc: 
position: 
  x: -69.5155552104
  y: 63.1665264075
  z: 0.0
orientation: 
  x: -0.0
  y: -0.0
  z: -0.103532937034
  w: 0.994626025675

maploc: 
position: 
  x: -79.9517578125
  y: 41.973840332
  z: 0.0
orientation: 
  x: 0.0
  y: 0.0
  z: 0.0
  w: 1.0