subloc: 
position: 
  x: -77.8260849588
  y: 26.6993777802
  z: 0.0
orientation: 
  x: -0.0
  y: -0.0
  z: -0.046659418094
  w: 0.998910856234

maploc: 
position: 
  x: -92.1139831543
  y: 7.47167053223
  z: 0.0
orientation: 
  x: 0.0
  y: 0.0
  z: 0.0
  w: 1.0