subloc: 
position: 
  x: -39.0056531422
  y: 119.28798448
  z: 0.0
orientation: 
  x: -0.0
  y: -0.0
  z: -0.129103895243
  w: 0.991631072644

maploc: 
position: 
  x: -50.2349060059
  y: 111.307568359
  z: 0.0
orientation: 
  x: 0.0
  y: 0.0
  z: 0.0
  w: 1.0