subloc: 
position: 
  x: -32.9589002354
  y: 87.2242735618
  z: 0.0
orientation: 
  x: -0.0
  y: -0.0
  z: -0.125207347429
  w: 0.992130596318

maploc: 
position: 
  x: -54.6714111328
  y: 72.5977050781
  z: 0.0
orientation: 
  x: 0.0
  y: 0.0
  z: 0.0
  w: 1.0