subloc: 
position: 
  x: -49.1593010476
  y: -32.998454805
  z: 0.0
orientation: 
  x: -0.0
  y: -0.0
  z: -0.0204489512866
  w: 0.999790898334

maploc: 
position: 
  x: -59.1839172363
  y: -54.100390625
  z: 0.0
orientation: 
  x: 0.0
  y: 0.0
  z: 0.0
  w: 1.0