subloc: 
position: 
  x: -66.27698232
  y: 0.368089330333
  z: 0.0
orientation: 
  x: -0.0
  y: -0.0
  z: -0.0752554510892
  w: 0.997164287909

maploc: 
position: 
  x: -86.4193969727
  y: -14.5505401611
  z: 0.0
orientation: 
  x: 0.0
  y: 0.0
  z: 0.0
  w: 1.0