subloc: 
position: 
  x: -36.8299239441
  y: 74.010409239
  z: 0.0
orientation: 
  x: -0.0
  y: -0.0
  z: -0.116324050423
  w: 0.993211314521

maploc: 
position: 
  x: -60.0199157715
  y: 56.2364990234
  z: 0.0
orientation: 
  x: 0.0
  y: 0.0
  z: 0.0
  w: 1.0