subloc: 
position: 
  x: -80.8732406914
  y: 39.5498457498
  z: 0.0
orientation: 
  x: -0.0
  y: -0.0
  z: -0.07857841832
  w: 0.996907935656

maploc: 
position: 
  x: -92.3764526367
  y: 24.0253814697
  z: 0.0
orientation: 
  x: 0.0
  y: 0.0
  z: 0.0
  w: 1.0