subloc: 
position: 
  x: -82.7528717301
  y: 19.4941834944
  z: 0.0
orientation: 
  x: -0.0
  y: -0.0
  z: -0.052538592169
  w: 0.99861889444

maploc: 
position: 
  x: -93.2285888672
  y: 3.03615722656
  z: 0.0
orientation: 
  x: 0.0
  y: 0.0
  z: 0.0
  w: 1.0