subloc: 
position: 
  x: -68.7627017786
  y: 6.77298621096
  z: 0.0
orientation: 
  x: -0.0
  y: -0.0
  z: -0.0628043724328
  w: 0.998025856781

maploc: 
position: 
  x: -89.9814147949
  y: -12.4789672852
  z: 0.0
orientation: 
  x: 0.0
  y: 0.0
  z: 0.0
  w: 1.0