subloc: 
position: 
  x: -88.1823773944
  y: 71.4595120048
  z: 0.0
orientation: 
  x: -0.0
  y: -0.0
  z: -0.217724310644
  w: 0.976010309656

maploc: 
position: 
  x: -118.732617188
  y: 52.3509521484
  z: 0.0
orientation: 
  x: 0.0
  y: 0.0
  z: 0.0
  w: 1.0