subloc: 
position: 
  x: -60.2619345685
  y: 111.600293962
  z: 0.0
orientation: 
  x: -0.0
  y: -0.0
  z: -0.154378823908
  w: 0.988011730056

maploc: 
position: 
  x: -82.6026000977
  y: 86.2532348633
  z: 0.0
orientation: 
  x: 0.0
  y: 0.0
  z: 0.0
  w: 1.0