subloc: 
position: 
  x: 15.3690558458
  y: 17.2719991089
  z: 0.0
orientation: 
  x: -0.0
  y: -0.0
  z: -0.226795927304
  w: 0.973942301863

maploc: 
position: 
  x: 0.375184583664
  y: -1.33551025391
  z: 0.0
orientation: 
  x: 0.0
  y: 0.0
  z: 0.0
  w: 1.0