subloc: 
position: 
  x: -36.538221187
  y: 133.976479567
  z: 0.0
orientation: 
  x: -0.0
  y: -0.0
  z: -0.131638974398
  w: 0.991297725418

maploc: 
position: 
  x: -53.6711364746
  y: 101.685266113
  z: 0.0
orientation: 
  x: 0.0
  y: 0.0
  z: 0.0
  w: 1.0