subloc: 
position: 
  x: -34.4069001934
  y: -12.8089793137
  z: 0.0
orientation: 
  x: -0.0
  y: -0.0
  z: -0.0168663203689
  w: 0.999857753502

maploc: 
position: 
  x: -52.8561218262
  y: -29.0710144043
  z: 0.0
orientation: 
  x: 0.0
  y: 0.0
  z: 0.0
  w: 1.0