subloc: 
position: 
  x: -18.9112931688
  y: 96.8608127606
  z: 0.0
orientation: 
  x: -0.0
  y: -0.0
  z: -0.125547221308
  w: 0.99208764493

maploc: 
position: 
  x: -31.164151001
  y: 85.4241943359
  z: 0.0
orientation: 
  x: 0.0
  y: 0.0
  z: 0.0
  w: 1.0