subloc: 
position: 
  x: -33.0909370813
  y: -5.45624814086
  z: 0.0
orientation: 
  x: -0.0
  y: -0.0
  z: -0.00805328596861
  w: 0.999967571767

maploc: 
position: 
  x: -40.0639678955
  y: -19.8021942139
  z: 0.0
orientation: 
  x: 0.0
  y: 0.0
  z: 0.0
  w: 1.0