subloc: 
position: 
  x: -46.1334437053
  y: 72.9428085379
  z: 0.0
orientation: 
  x: -0.0
  y: -0.0
  z: -0.102276924308
  w: 0.994755965428

maploc: 
position: 
  x: -66.7597473145
  y: 50.7834899902
  z: 0.0
orientation: 
  x: 0.0
  y: 0.0
  z: 0.0
  w: 1.0