subloc: 
position: 
  x: -87.0054685393
  y: 105.859979942
  z: 0.0
orientation: 
  x: -0.0
  y: -0.0
  z: -0.175681007247
  w: 0.984447146216

maploc: 
position: 
  x: -111.412255859
  y: 73.3818603516
  z: 0.0
orientation: 
  x: 0.0
  y: 0.0
  z: 0.0
  w: 1.0