subloc: 
position: 
  x: -80.0923314508
  y: 14.2803467423
  z: 0.0
orientation: 
  x: -0.0
  y: -0.0
  z: -0.0525542951254
  w: 0.998618068164

maploc: 
position: 
  x: -93.0712768555
  y: 4.04406738281
  z: 0.0
orientation: 
  x: 0.0
  y: 0.0
  z: 0.0
  w: 1.0