subloc: 
position: 
  x: 27.2947184235
  y: 7.76828868411
  z: 0.0
orientation: 
  x: -0.0
  y: -0.0
  z: -0.21917201725
  w: 0.975686233814

maploc: 
position: 
  x: 15.2991470337
  y: -12.7427505493
  z: 0.0
orientation: 
  x: 0.0
  y: 0.0
  z: 0.0
  w: 1.0