subloc: 
position: 
  x: -77.4888600049
  y: 170.7870668
  z: 0.0
orientation: 
  x: -0.0
  y: -0.0
  z: -0.171933560453
  w: 0.98510854772

maploc: 
position: 
  x: -94.7901367188
  y: 139.502258301
  z: 0.0
orientation: 
  x: 0.0
  y: 0.0
  z: 0.0
  w: 1.0