subloc: 
position: 
  x: 11.447443033
  y: 20.7121718701
  z: 0.0
orientation: 
  x: -0.0
  y: -0.0
  z: -0.235339238418
  w: 0.971913289785

maploc: 
position: 
  x: -14.9655807495
  y: -5.85336608887
  z: 0.0
orientation: 
  x: 0.0
  y: 0.0
  z: 0.0
  w: 1.0