subloc: 
position: 
  x: -70.0505664679
  y: 177.081629688
  z: 0.0
orientation: 
  x: -0.0
  y: -0.0
  z: -0.173520492048
  w: 0.984830258897

maploc: 
position: 
  x: -93.1980285645
  y: 144.365759277
  z: 0.0
orientation: 
  x: 0.0
  y: 0.0
  z: 0.0
  w: 1.0