subloc: 
position: 
  x: -80.7882020698
  y: 110.152080992
  z: 0.0
orientation: 
  x: -0.0
  y: -0.0
  z: -0.174607835465
  w: 0.984638057255

maploc: 
position: 
  x: -102.850097656
  y: 71.4994628906
  z: 0.0
orientation: 
  x: 0.0
  y: 0.0
  z: 0.0
  w: 1.0