subloc: 
position: 
  x: -92.1943697627
  y: 53.1493208539
  z: 0.0
orientation: 
  x: -0.0
  y: -0.0
  z: -0.0969800913342
  w: 0.99528632156

maploc: 
position: 
  x: -104.969287109
  y: 39.4643371582
  z: 0.0
orientation: 
  x: 0.0
  y: 0.0
  z: 0.0
  w: 1.0