subloc: 
position: 
  x: -33.8798930954
  y: 120.05756245
  z: 0.0
orientation: 
  x: -0.0
  y: -0.0
  z: -0.127351542093
  w: 0.991857643378

maploc: 
position: 
  x: -55.9525146484
  y: 97.2970703125
  z: 0.0
orientation: 
  x: 0.0
  y: 0.0
  z: 0.0
  w: 1.0