subloc: 
position: 
  x: 24.6036563684
  y: 6.2618577057
  z: 0.0
orientation: 
  x: -0.0
  y: -0.0
  z: -0.219508376568
  w: 0.975610615264

maploc: 
position: 
  x: -3.17470321655
  y: -23.4044586182
  z: 0.0
orientation: 
  x: 0.0
  y: 0.0
  z: 0.0
  w: 1.0