subloc: 
position: 
  x: -29.6929012381
  y: 88.9365439193
  z: 0.0
orientation: 
  x: -0.0
  y: -0.0
  z: -0.123350965816
  w: 0.992363108561

maploc: 
position: 
  x: -50.7094024658
  y: 67.7598876953
  z: 0.0
orientation: 
  x: 0.0
  y: 0.0
  z: 0.0
  w: 1.0