subloc: 
position: 
  x: -51.6979630354
  y: 126.243167304
  z: 0.0
orientation: 
  x: -0.0
  y: -0.0
  z: -0.154062071903
  w: 0.988061171184

maploc: 
position: 
  x: -90.6124816895
  y: 102.163806152
  z: 0.0
orientation: 
  x: 0.0
  y: 0.0
  z: 0.0
  w: 1.0