subloc: 
position: 
  x: -57.6993951706
  y: 117.440078803
  z: 0.0
orientation: 
  x: -0.0
  y: -0.0
  z: -0.178927136193
  w: 0.983862327734

maploc: 
position: 
  x: -82.9633544922
  y: 90.217199707
  z: 0.0
orientation: 
  x: 0.0
  y: 0.0
  z: 0.0
  w: 1.0