subloc: 
position: 
  x: -39.5880925334
  y: -54.9575359732
  z: 0.0
orientation: 
  x: -0.0
  y: -0.0
  z: -0.0361836428971
  w: 0.999345157584

maploc: 
position: 
  x: -58.0410949707
  y: -73.4576904297
  z: 0.0
orientation: 
  x: 0.0
  y: 0.0
  z: 0.0
  w: 1.0