subloc: 
position: 
  x: -86.6589296518
  y: 96.3862455208
  z: 0.0
orientation: 
  x: -0.0
  y: -0.0
  z: -0.200746161766
  w: 0.979643291477

maploc: 
position: 
  x: -115.759509277
  y: 59.1881835938
  z: 0.0
orientation: 
  x: 0.0
  y: 0.0
  z: 0.0
  w: 1.0