subloc: 
position: 
  x: -41.9960019344
  y: 74.871072334
  z: 0.0
orientation: 
  x: -0.0
  y: -0.0
  z: -0.14638808979
  w: 0.989227237377

maploc: 
position: 
  x: -63.6202575684
  y: 49.1483154297
  z: 0.0
orientation: 
  x: 0.0
  y: 0.0
  z: 0.0
  w: 1.0