subloc: 
position: 
  x: -21.638661684
  y: 97.3440962563
  z: 0.0
orientation: 
  x: -0.0
  y: -0.0
  z: -0.125089682066
  w: 0.992145438653

maploc: 
position: 
  x: -31.4402709961
  y: 87.0357788086
  z: 0.0
orientation: 
  x: 0.0
  y: 0.0
  z: 0.0
  w: 1.0