subloc: 
position: 
  x: -67.4746492528
  y: -5.95722774111
  z: 0.0
orientation: 
  x: -0.0
  y: -0.0
  z: -0.0475298923633
  w: 0.998869816008

maploc: 
position: 
  x: -83.3942749023
  y: -25.7541778564
  z: 0.0
orientation: 
  x: 0.0
  y: 0.0
  z: 0.0
  w: 1.0