subloc: 
position: 
  x: -94.3513754602
  y: 72.5376813392
  z: 0.0
orientation: 
  x: -0.0
  y: -0.0
  z: -0.218112667726
  w: 0.975923595461

maploc: 
position: 
  x: -118.517956543
  y: 53.6937255859
  z: 0.0
orientation: 
  x: 0.0
  y: 0.0
  z: 0.0
  w: 1.0