subloc: 
position: 
  x: -44.3231546834
  y: 81.4620290024
  z: 0.0
orientation: 
  x: -0.0
  y: -0.0
  z: -0.113144347203
  w: 0.993578560908

maploc: 
position: 
  x: -53.1963012695
  y: 68.1881164551
  z: 0.0
orientation: 
  x: 0.0
  y: 0.0
  z: 0.0
  w: 1.0