subloc: 
position: 
  x: -42.2979122243
  y: -52.863859388
  z: 0.0
orientation: 
  x: -0.0
  y: -0.0
  z: -0.0358556671175
  w: 0.99935697883

maploc: 
position: 
  x: -58.2736999512
  y: -76.1197387695
  z: 0.0
orientation: 
  x: 0.0
  y: 0.0
  z: 0.0
  w: 1.0