subloc: 
position: 
  x: -57.7825736836
  y: -0.763182383352
  z: 0.0
orientation: 
  x: -0.0
  y: -0.0
  z: -0.0443405839813
  w: 0.999016472643

maploc: 
position: 
  x: -82.5499938965
  y: -17.376222229
  z: 0.0
orientation: 
  x: 0.0
  y: 0.0
  z: 0.0
  w: 1.0