subloc: 
position: 
  x: -31.7136632455
  y: 13.1772898339
  z: 0.0
orientation: 
  x: -0.0
  y: -0.0
  z: -0.219957390853
  w: 0.975509480328

maploc: 
position: 
  x: -62.1354919434
  y: -6.31012573242
  z: 0.0
orientation: 
  x: 0.0
  y: 0.0
  z: 0.0
  w: 1.0