subloc: 
position: 
  x: -81.5963962677
  y: 26.0280136982
  z: 0.0
orientation: 
  x: -0.0
  y: -0.0
  z: -0.0472293576794
  w: 0.998884071238

maploc: 
position: 
  x: -93.380456543
  y: -1.59188842773
  z: 0.0
orientation: 
  x: 0.0
  y: 0.0
  z: 0.0
  w: 1.0