subloc: 
position: 
  x: -95.6840334019
  y: 41.9951766396
  z: 0.0
orientation: 
  x: -0.0
  y: -0.0
  z: -0.086973768754
  w: 0.996210602006

maploc: 
position: 
  x: -114.40480957
  y: 25.7405761719
  z: 0.0
orientation: 
  x: 0.0
  y: 0.0
  z: 0.0
  w: 1.0