subloc: 
position: 
  x: -91.8334608441
  y: 34.4976380352
  z: 0.0
orientation: 
  x: -0.0
  y: -0.0
  z: -0.0853060499863
  w: 0.996354795159

maploc: 
position: 
  x: -114.455432129
  y: 25.0790588379
  z: 0.0
orientation: 
  x: 0.0
  y: 0.0
  z: 0.0
  w: 1.0