subloc: 
position: 
  x: -102.701937422
  y: 58.7724328262
  z: 0.0
orientation: 
  x: -0.0
  y: -0.0
  z: -0.095808012764
  w: 0.99539983157

maploc: 
position: 
  x: -115.858251953
  y: 40.3007873535
  z: 0.0
orientation: 
  x: 0.0
  y: 0.0
  z: 0.0
  w: 1.0