subloc: 
position: 
  x: -72.2498762698
  y: -0.466170525034
  z: 0.0
orientation: 
  x: -0.0
  y: -0.0
  z: -0.047269842996
  w: 0.998882156184

maploc: 
position: 
  x: -83.3260925293
  y: -24.8989135742
  z: 0.0
orientation: 
  x: 0.0
  y: 0.0
  z: 0.0
  w: 1.0