subloc: 
position: 
  x: -18.7886356994
  y: 98.338806394
  z: 0.0
orientation: 
  x: -0.0
  y: -0.0
  z: -0.123800022639
  w: 0.992307187515

maploc: 
position: 
  x: -29.823046875
  y: 85.4782836914
  z: 0.0
orientation: 
  x: 0.0
  y: 0.0
  z: 0.0
  w: 1.0