subloc: 
position: 
  x: -65.6121555377
  y: 78.3985364298
  z: 0.0
orientation: 
  x: -0.0
  y: -0.0
  z: -0.219609984617
  w: 0.975587748312

maploc: 
position: 
  x: -98.1995300293
  y: 47.1401855469
  z: 0.0
orientation: 
  x: 0.0
  y: 0.0
  z: 0.0
  w: 1.0