subloc: 
position: 
  x: -52.8202491147
  y: 129.374269378
  z: 0.0
orientation: 
  x: -0.0
  y: -0.0
  z: -0.178662365095
  w: 0.983910442723

maploc: 
position: 
  x: -78.9178955078
  y: 120.22989502
  z: 0.0
orientation: 
  x: 0.0
  y: 0.0
  z: 0.0
  w: 1.0