subloc: 
position: 
  x: -52.1601783137
  y: 105.589942074
  z: 0.0
orientation: 
  x: -0.0
  y: -0.0
  z: -0.153707453516
  w: 0.988116399385

maploc: 
position: 
  x: -77.173651123
  y: 71.5198486328
  z: 0.0
orientation: 
  x: 0.0
  y: 0.0
  z: 0.0
  w: 1.0