subloc: 
position: 
  x: -96.3579286971
  y: 55.2150293819
  z: 0.0
orientation: 
  x: -0.0
  y: -0.0
  z: -0.0971394368696
  w: 0.995270782152

maploc: 
position: 
  x: -105.984851074
  y: 40.7191955566
  z: 0.0
orientation: 
  x: 0.0
  y: 0.0
  z: 0.0
  w: 1.0