subloc: 
position: 
  x: -87.1993780862
  y: 46.0407199334
  z: 0.0
orientation: 
  x: -0.0
  y: -0.0
  z: -0.0881100491385
  w: 0.996110746474

maploc: 
position: 
  x: -101.053088379
  y: 36.8771911621
  z: 0.0
orientation: 
  x: 0.0
  y: 0.0
  z: 0.0
  w: 1.0