subloc: 
position: 
  x: -51.4978159744
  y: 148.772991466
  z: 0.0
orientation: 
  x: -0.0
  y: -0.0
  z: -0.176605013567
  w: 0.984281803745

maploc: 
position: 
  x: -87.1999267578
  y: 122.867712402
  z: 0.0
orientation: 
  x: 0.0
  y: 0.0
  z: 0.0
  w: 1.0