subloc: 
position: 
  x: -69.6700571794
  y: 105.254615727
  z: 0.0
orientation: 
  x: -0.0
  y: -0.0
  z: -0.175600358322
  w: 0.984461535133

maploc: 
position: 
  x: -97.2413818359
  y: 70.2200317383
  z: 0.0
orientation: 
  x: 0.0
  y: 0.0
  z: 0.0
  w: 1.0