subloc: 
position: 
  x: -80.2072223775
  y: 98.0727980001
  z: 0.0
orientation: 
  x: -0.0
  y: -0.0
  z: -0.208244045804
  w: 0.978076897482

maploc: 
position: 
  x: -117.640075684
  y: 60.7453125
  z: 0.0
orientation: 
  x: 0.0
  y: 0.0
  z: 0.0
  w: 1.0