subloc: 
position: 
  x: -104.325550134
  y: 55.8536058264
  z: 0.0
orientation: 
  x: -0.0
  y: -0.0
  z: -0.0977402991408
  w: 0.995211954271

maploc: 
position: 
  x: -118.257067871
  y: 26.2489379883
  z: 0.0
orientation: 
  x: 0.0
  y: 0.0
  z: 0.0
  w: 1.0