subloc: 
position: 
  x: -44.8207823572
  y: -41.2771896586
  z: 0.0
orientation: 
  x: -0.0
  y: -0.0
  z: -0.0489465065294
  w: 0.99880140143

maploc: 
position: 
  x: -58.5345703125
  y: -57.645135498
  z: 0.0
orientation: 
  x: 0.0
  y: 0.0
  z: 0.0
  w: 1.0