subloc: 
position: 
  x: -28.4497472358
  y: -2.6923645025
  z: 0.0
orientation: 
  x: -0.0
  y: -0.0
  z: -0.0655863641804
  w: 0.997846896489

maploc: 
position: 
  x: -41.9855010986
  y: -23.0858459473
  z: 0.0
orientation: 
  x: 0.0
  y: 0.0
  z: 0.0
  w: 1.0