subloc: 
position: 
  x: -3.8377873701
  y: 3.57612901178
  z: 0.0
orientation: 
  x: -0.0
  y: -0.0
  z: -0.235886756192
  w: 0.97178055046

maploc: 
position: 
  x: -28.9840698242
  y: -22.2501037598
  z: 0.0
orientation: 
  x: 0.0
  y: 0.0
  z: 0.0
  w: 1.0