subloc: 
position: 
  x: 46.4502660203
  y: -20.2076534028
  z: 0.0
orientation: 
  x: -0.0
  y: -0.0
  z: -0.229916648601
  w: 0.973210323977

maploc: 
position: 
  x: 28.8261383057
  y: -31.0655792236
  z: 0.0
orientation: 
  x: 0.0
  y: 0.0
  z: 0.0
  w: 1.0