subloc: 
position: 
  x: -20.0287178185
  y: 87.1997152159
  z: 0.0
orientation: 
  x: -0.0
  y: -0.0
  z: -0.139820475972
  w: 0.990176870311

maploc: 
position: 
  x: -45.2779815674
  y: 68.1040405273
  z: 0.0
orientation: 
  x: 0.0
  y: 0.0
  z: 0.0
  w: 1.0