subloc: 
position: 
  x: -47.8571363896
  y: -21.9490084916
  z: 0.0
orientation: 
  x: -0.0
  y: -0.0
  z: -0.0213792269461
  w: 0.999771438207

maploc: 
position: 
  x: -62.5499206543
  y: -39.8251556396
  z: 0.0
orientation: 
  x: 0.0
  y: 0.0
  z: 0.0
  w: 1.0