subloc: 
position: 
  x: -80.0391864108
  y: 56.270780021
  z: 0.0
orientation: 
  x: -0.0
  y: -0.0
  z: -0.101784576904
  w: 0.994806463542

maploc: 
position: 
  x: -89.8913696289
  y: 36.8260559082
  z: 0.0
orientation: 
  x: 0.0
  y: 0.0
  z: 0.0
  w: 1.0