subloc: 
position: 
  x: -23.1046936325
  y: -8.88891933026
  z: 0.0
orientation: 
  x: -0.0
  y: -0.0
  z: -0.00374665096987
  w: 0.999992981279

maploc: 
position: 
  x: -42.0015838623
  y: -22.3003662109
  z: 0.0
orientation: 
  x: 0.0
  y: 0.0
  z: 0.0
  w: 1.0