subloc: 
position: 
  x: -37.5172668555
  y: -45.8952623946
  z: 0.0
orientation: 
  x: -0.0
  y: -0.0
  z: -0.0215145216174
  w: 0.999768535892

maploc: 
position: 
  x: -54.7199035645
  y: -70.3657226562
  z: 0.0
orientation: 
  x: 0.0
  y: 0.0
  z: 0.0
  w: 1.0