subloc: 
position: 
  x: -86.5334179067
  y: 35.5816192476
  z: 0.0
orientation: 
  x: -0.0
  y: -0.0
  z: -0.0804978614978
  w: 0.996754781425

maploc: 
position: 
  x: -108.410229492
  y: 24.9717468262
  z: 0.0
orientation: 
  x: 0.0
  y: 0.0
  z: 0.0
  w: 1.0