subloc: 
position: 
  x: -61.802571776
  y: 175.763370849
  z: 0.0
orientation: 
  x: -0.0
  y: -0.0
  z: -0.157436932682
  w: 0.987529043739

maploc: 
position: 
  x: -95.3481750488
  y: 138.983496094
  z: 0.0
orientation: 
  x: 0.0
  y: 0.0
  z: 0.0
  w: 1.0