subloc: 
position: 
  x: -3.00469780825
  y: 13.3391231975
  z: 0.0
orientation: 
  x: -0.0
  y: -0.0
  z: -0.221041023776
  w: 0.975264510688

maploc: 
position: 
  x: -16.3109939575
  y: -12.2671661377
  z: 0.0
orientation: 
  x: 0.0
  y: 0.0
  z: 0.0
  w: 1.0