subloc: 
position: 
  x: -57.6524006697
  y: 96.078896098
  z: 0.0
orientation: 
  x: -0.0
  y: -0.0
  z: -0.217637638419
  w: 0.976029640095

maploc: 
position: 
  x: -97.7979309082
  y: 66.5583496094
  z: 0.0
orientation: 
  x: 0.0
  y: 0.0
  z: 0.0
  w: 1.0