subloc: 
position: 
  x: -47.1893802176
  y: -23.0550729354
  z: 0.0
orientation: 
  x: -0.0
  y: -0.0
  z: -0.068876956125
  w: 0.997625162531

maploc: 
position: 
  x: -67.8763305664
  y: -49.6988647461
  z: 0.0
orientation: 
  x: 0.0
  y: 0.0
  z: 0.0
  w: 1.0