subloc: 
position: 
  x: -27.3843933521
  y: 101.011628676
  z: 0.0
orientation: 
  x: -0.0
  y: -0.0
  z: -0.137010734365
  w: 0.990569562761

maploc: 
position: 
  x: -44.2661010742
  y: 86.1609741211
  z: 0.0
orientation: 
  x: 0.0
  y: 0.0
  z: 0.0
  w: 1.0