subloc: 
position: 
  x: -64.9138949246
  y: 169.888570449
  z: 0.0
orientation: 
  x: -0.0
  y: -0.0
  z: -0.168462983709
  w: 0.985707980651

maploc: 
position: 
  x: -97.6102233887
  y: 133.030773926
  z: 0.0
orientation: 
  x: 0.0
  y: 0.0
  z: 0.0
  w: 1.0