subloc: 
position: 
  x: -43.919869141
  y: 62.9761869
  z: 0.0
orientation: 
  x: -0.0
  y: -0.0
  z: -0.102753199132
  w: 0.994706881482

maploc: 
position: 
  x: -72.9822814941
  y: 32.4954223633
  z: 0.0
orientation: 
  x: 0.0
  y: 0.0
  z: 0.0
  w: 1.0