subloc: 
position: 
  x: -82.2487684622
  y: 95.0284096301
  z: 0.0
orientation: 
  x: -0.0
  y: -0.0
  z: -0.200788728649
  w: 0.97963456781

maploc: 
position: 
  x: -112.95345459
  y: 61.7093994141
  z: 0.0
orientation: 
  x: 0.0
  y: 0.0
  z: 0.0
  w: 1.0