subloc: 
position: 
  x: -74.8094386342
  y: 166.416431311
  z: 0.0
orientation: 
  x: -0.0
  y: -0.0
  z: -0.179456853423
  w: 0.983765844985

maploc: 
position: 
  x: -93.4991760254
  y: 137.880895996
  z: 0.0
orientation: 
  x: 0.0
  y: 0.0
  z: 0.0
  w: 1.0