subloc: 
position: 
  x: -81.4299023858
  y: 48.1294469316
  z: 0.0
orientation: 
  x: -0.0
  y: -0.0
  z: -0.0960730222461
  w: 0.995374288595

maploc: 
position: 
  x: -93.616809082
  y: 37.3797729492
  z: 0.0
orientation: 
  x: 0.0
  y: 0.0
  z: 0.0
  w: 1.0