subloc: 
position: 
  x: -84.3331106251
  y: 47.3585958644
  z: 0.0
orientation: 
  x: -0.0
  y: -0.0
  z: -0.0883217724058
  w: 0.996091996012

maploc: 
position: 
  x: -96.8186523438
  y: 38.782434082
  z: 0.0
orientation: 
  x: 0.0
  y: 0.0
  z: 0.0
  w: 1.0