subloc: 
position: 
  x: -77.4060667602
  y: 28.5289593698
  z: 0.0
orientation: 
  x: -0.0
  y: -0.0
  z: -0.0768890353557
  w: 0.997039656304

maploc: 
position: 
  x: -94.967590332
  y: 6.95412902832
  z: 0.0
orientation: 
  x: 0.0
  y: 0.0
  z: 0.0
  w: 1.0