subloc: 
position: 
  x: -71.1944675829
  y: 171.633817623
  z: 0.0
orientation: 
  x: -0.0
  y: -0.0
  z: -0.175938638554
  w: 0.984401135444

maploc: 
position: 
  x: -94.980871582
  y: 138.677416992
  z: 0.0
orientation: 
  x: 0.0
  y: 0.0
  z: 0.0
  w: 1.0