subloc: 
position: 
  x: -82.5436854727
  y: 105.548426196
  z: 0.0
orientation: 
  x: -0.0
  y: -0.0
  z: -0.175289818252
  w: 0.984516876248

maploc: 
position: 
  x: -104.831018066
  y: 72.5911254883
  z: 0.0
orientation: 
  x: 0.0
  y: 0.0
  z: 0.0
  w: 1.0