subloc: 
position: 
  x: -81.4497748991
  y: 34.6871004673
  z: 0.0
orientation: 
  x: -0.0
  y: -0.0
  z: -0.0778558211944
  w: 0.996964628814

maploc: 
position: 
  x: -92.8620910645
  y: 20.9266998291
  z: 0.0
orientation: 
  x: 0.0
  y: 0.0
  z: 0.0
  w: 1.0