subloc: 
position: 
  x: -47.2759714028
  y: -34.3758324191
  z: 0.0
orientation: 
  x: -0.0
  y: -0.0
  z: -0.0495728817112
  w: 0.998770508875

maploc: 
position: 
  x: -64.6155700684
  y: -47.7136230469
  z: 0.0
orientation: 
  x: 0.0
  y: 0.0
  z: 0.0
  w: 1.0