subloc: 
position: 
  x: -30.7707867839
  y: -52.445876607
  z: 0.0
orientation: 
  x: -0.0
  y: -0.0
  z: -0.0239318257805
  w: 0.999713592843

maploc: 
position: 
  x: -52.5799072266
  y: -71.3651733398
  z: 0.0
orientation: 
  x: 0.0
  y: 0.0
  z: 0.0
  w: 1.0