subloc: 
position: 
  x: -21.4809840183
  y: 86.2897575326
  z: 0.0
orientation: 
  x: -0.0
  y: -0.0
  z: -0.122128268565
  w: 0.992514325346

maploc: 
position: 
  x: -42.430380249
  y: 67.7890991211
  z: 0.0
orientation: 
  x: 0.0
  y: 0.0
  z: 0.0
  w: 1.0