subloc: 
position: 
  x: -63.9821959474
  y: 2.53440596235
  z: 0.0
orientation: 
  x: -0.0
  y: -0.0
  z: -0.0485260436798
  w: 0.998821917603

maploc: 
position: 
  x: -82.999420166
  y: -21.4266983032
  z: 0.0
orientation: 
  x: 0.0
  y: 0.0
  z: 0.0
  w: 1.0