subloc: 
position: 
  x: -39.1126282568
  y: 122.054816895
  z: 0.0
orientation: 
  x: -0.0
  y: -0.0
  z: -0.129094651304
  w: 0.991632276101

maploc: 
position: 
  x: -50.0322662354
  y: 111.894995117
  z: 0.0
orientation: 
  x: 0.0
  y: 0.0
  z: 0.0
  w: 1.0