subloc: 
position: 
  x: -74.3172226228
  y: 63.5843228903
  z: 0.0
orientation: 
  x: -0.0
  y: -0.0
  z: -0.102088093016
  w: 0.994775362212

maploc: 
position: 
  x: -88.2796813965
  y: 51.2932250977
  z: 0.0
orientation: 
  x: 0.0
  y: 0.0
  z: 0.0
  w: 1.0