subloc: 
position: 
  x: -37.4652684703
  y: 77.0554562427
  z: 0.0
orientation: 
  x: -0.0
  y: -0.0
  z: -0.115500097175
  w: 0.993307468789

maploc: 
position: 
  x: -60.117010498
  y: 60.5766174316
  z: 0.0
orientation: 
  x: 0.0
  y: 0.0
  z: 0.0
  w: 1.0