subloc: 
position: 
  x: -79.8288627597
  y: 99.6181457696
  z: 0.0
orientation: 
  x: -0.0
  y: -0.0
  z: -0.203273163002
  w: 0.979122066549

maploc: 
position: 
  x: -114.430163574
  y: 66.3953857422
  z: 0.0
orientation: 
  x: 0.0
  y: 0.0
  z: 0.0
  w: 1.0