subloc: 
position: 
  x: -29.8175590208
  y: -59.6336021085
  z: 0.0
orientation: 
  x: -0.0
  y: -0.0
  z: -0.0257054522847
  w: 0.999669560266

maploc: 
position: 
  x: -54.8710510254
  y: -69.5511230469
  z: 0.0
orientation: 
  x: 0.0
  y: 0.0
  z: 0.0
  w: 1.0