subloc: 
position: 
  x: -53.8936830382
  y: -8.43489139951
  z: 0.0
orientation: 
  x: -0.0
  y: -0.0
  z: -0.0715166901469
  w: 0.997439403187

maploc: 
position: 
  x: -79.0234436035
  y: -27.6116210938
  z: 0.0
orientation: 
  x: 0.0
  y: 0.0
  z: 0.0
  w: 1.0