subloc: 
position: 
  x: -66.9553105014
  y: 61.5480560098
  z: 0.0
orientation: 
  x: -0.0
  y: -0.0
  z: -0.107566105087
  w: 0.994197934536

maploc: 
position: 
  x: -81.9596496582
  y: 36.5876464844
  z: 0.0
orientation: 
  x: 0.0
  y: 0.0
  z: 0.0
  w: 1.0