subloc: 
position: 
  x: -77.7725493489
  y: 179.89088016
  z: 0.0
orientation: 
  x: -0.0
  y: -0.0
  z: -0.15494670615
  w: 0.98792283011

maploc: 
position: 
  x: -99.3408447266
  y: 146.057995605
  z: 0.0
orientation: 
  x: 0.0
  y: 0.0
  z: 0.0
  w: 1.0