subloc: 
position: 
  x: 15.4824105044
  y: 16.6583638194
  z: 0.0
orientation: 
  x: -0.0
  y: -0.0
  z: -0.235621657171
  w: 0.971844861422

maploc: 
position: 
  x: -1.71613826752
  y: -4.74736633301
  z: 0.0
orientation: 
  x: 0.0
  y: 0.0
  z: 0.0
  w: 1.0