subloc: 
position: 
  x: -36.7025821646
  y: 130.77333968
  z: 0.0
orientation: 
  x: -0.0
  y: -0.0
  z: -0.13185777273
  w: 0.991268645611

maploc: 
position: 
  x: -53.6640075684
  y: 101.650708008
  z: 0.0
orientation: 
  x: 0.0
  y: 0.0
  z: 0.0
  w: 1.0