subloc: 
position: 
  x: 45.3140843416
  y: -12.8121433471
  z: 0.0
orientation: 
  x: -0.0
  y: -0.0
  z: -0.228521741096
  w: 0.973538809625

maploc: 
position: 
  x: 23.6520111084
  y: -26.6670806885
  z: 0.0
orientation: 
  x: 0.0
  y: 0.0
  z: 0.0
  w: 1.0