subloc: 
position: 
  x: -34.125304686
  y: -16.0190318476
  z: 0.0
orientation: 
  x: -0.0
  y: -0.0
  z: -0.0162589136835
  w: 0.999867815126

maploc: 
position: 
  x: -52.8640258789
  y: -28.9864593506
  z: 0.0
orientation: 
  x: 0.0
  y: 0.0
  z: 0.0
  w: 1.0