subloc: 
position: 
  x: -92.8679745812
  y: 59.8454840197
  z: 0.0
orientation: 
  x: -0.0
  y: -0.0
  z: -0.0927414265804
  w: 0.995690226826

maploc: 
position: 
  x: -105.944445801
  y: 48.8529846191
  z: 0.0
orientation: 
  x: 0.0
  y: 0.0
  z: 0.0
  w: 1.0