subloc: 
position: 
  x: -31.9512410472
  y: -13.2068118314
  z: 0.0
orientation: 
  x: -0.0
  y: -0.0
  z: -0.0667086208955
  w: 0.997772499069

maploc: 
position: 
  x: -55.309197998
  y: -32.3730621338
  z: 0.0
orientation: 
  x: 0.0
  y: 0.0
  z: 0.0
  w: 1.0