subloc: 
position: 
  x: -21.9040017297
  y: 100.114030845
  z: 0.0
orientation: 
  x: -0.0
  y: -0.0
  z: -0.125897108154
  w: 0.992043304578

maploc: 
position: 
  x: -28.7222869873
  y: 91.3945556641
  z: 0.0
orientation: 
  x: 0.0
  y: 0.0
  z: 0.0
  w: 1.0