subloc: 
position: 
  x: -65.4384329008
  y: 139.284458746
  z: 0.0
orientation: 
  x: -0.0
  y: -0.0
  z: -0.155814683181
  w: 0.987786305081

maploc: 
position: 
  x: -84.3199768066
  y: 120.976989746
  z: 0.0
orientation: 
  x: 0.0
  y: 0.0
  z: 0.0
  w: 1.0