subloc: 
position: 
  x: -26.5346737897
  y: 115.940586222
  z: 0.0
orientation: 
  x: -0.0
  y: -0.0
  z: -0.136226189843
  w: 0.990677760526

maploc: 
position: 
  x: -50.684866333
  y: 95.6605834961
  z: 0.0
orientation: 
  x: 0.0
  y: 0.0
  z: 0.0
  w: 1.0