subloc: 
position: 
  x: -64.3222713459
  y: -12.9404279764
  z: 0.0
orientation: 
  x: -0.0
  y: -0.0
  z: -0.0476979177866
  w: 0.998861806577

maploc: 
position: 
  x: -80.81796875
  y: -26.3808410645
  z: 0.0
orientation: 
  x: 0.0
  y: 0.0
  z: 0.0
  w: 1.0