subloc: 
position: 
  x: -68.7815256528
  y: 179.049467909
  z: 0.0
orientation: 
  x: -0.0
  y: -0.0
  z: -0.174266162633
  w: 0.98469858564

maploc: 
position: 
  x: -90.3511230469
  y: 151.31027832
  z: 0.0
orientation: 
  x: 0.0
  y: 0.0
  z: 0.0
  w: 1.0