subloc: 
position: 
  x: -75.9292321998
  y: 27.6569659355
  z: 0.0
orientation: 
  x: -0.0
  y: -0.0
  z: -0.0574872755378
  w: 0.998346239113

maploc: 
position: 
  x: -92.7433227539
  y: 6.70489196777
  z: 0.0
orientation: 
  x: 0.0
  y: 0.0
  z: 0.0
  w: 1.0