subloc: 
position: 
  x: -74.9077502608
  y: 166.063040046
  z: 0.0
orientation: 
  x: -0.0
  y: -0.0
  z: -0.176626007058
  w: 0.984278036751

maploc: 
position: 
  x: -94.7287658691
  y: 140.422338867
  z: 0.0
orientation: 
  x: 0.0
  y: 0.0
  z: 0.0
  w: 1.0