subloc: 
position: 
  x: -54.8338598133
  y: 71.5280392012
  z: 0.0
orientation: 
  x: -0.0
  y: -0.0
  z: -0.150377196592
  w: 0.988628696096

maploc: 
position: 
  x: -86.4775695801
  y: 48.4224304199
  z: 0.0
orientation: 
  x: 0.0
  y: 0.0
  z: 0.0
  w: 1.0