subloc: 
position: 
  x: -46.7237049548
  y: -45.7350871045
  z: 0.0
orientation: 
  x: -0.0
  y: -0.0
  z: -0.0479037817508
  w: 0.998851954843

maploc: 
position: 
  x: -56.3724914551
  y: -59.5651123047
  z: 0.0
orientation: 
  x: 0.0
  y: 0.0
  z: 0.0
  w: 1.0