subloc: 
position: 
  x: -102.703365993
  y: 97.0688052155
  z: 0.0
orientation: 
  x: -0.0
  y: -0.0
  z: -0.185979913876
  w: 0.982553546447

maploc: 
position: 
  x: -118.463134766
  y: 63.0813598633
  z: 0.0
orientation: 
  x: 0.0
  y: 0.0
  z: 0.0
  w: 1.0