subloc: 
position: 
  x: -78.9219755858
  y: 160.487672376
  z: 0.0
orientation: 
  x: -0.0
  y: -0.0
  z: -0.153529371783
  w: 0.988144084635

maploc: 
position: 
  x: -95.0971130371
  y: 138.311938477
  z: 0.0
orientation: 
  x: 0.0
  y: 0.0
  z: 0.0
  w: 1.0