subloc: 
position: 
  x: -60.5699583699
  y: 156.185659497
  z: 0.0
orientation: 
  x: -0.0
  y: -0.0
  z: -0.177085904993
  w: 0.984195398411

maploc: 
position: 
  x: -95.2429382324
  y: 131.534411621
  z: 0.0
orientation: 
  x: 0.0
  y: 0.0
  z: 0.0
  w: 1.0