subloc: 
position: 
  x: -89.432393918
  y: 109.161261654
  z: 0.0
orientation: 
  x: -0.0
  y: -0.0
  z: -0.177638003039
  w: 0.984095899736

maploc: 
position: 
  x: -108.681835938
  y: 82.0064819336
  z: 0.0
orientation: 
  x: 0.0
  y: 0.0
  z: 0.0
  w: 1.0