subloc: 
position: 
  x: -53.6072081245
  y: -45.6206418873
  z: 0.0
orientation: 
  x: -0.0
  y: -0.0
  z: -0.044406598794
  w: 0.999013540441

maploc: 
position: 
  x: -58.2386291504
  y: -70.7328430176
  z: 0.0
orientation: 
  x: 0.0
  y: 0.0
  z: 0.0
  w: 1.0