subloc: 
position: 
  x: -65.0357331604
  y: 113.446531547
  z: 0.0
orientation: 
  x: -0.0
  y: -0.0
  z: -0.153954518046
  w: 0.988077935374

maploc: 
position: 
  x: -78.5970092773
  y: 86.708605957
  z: 0.0
orientation: 
  x: 0.0
  y: 0.0
  z: 0.0
  w: 1.0