subloc: 
position: 
  x: -74.2824785534
  y: 18.5991280605
  z: 0.0
orientation: 
  x: -0.0
  y: -0.0
  z: -0.049848929146
  w: 0.99875676932

maploc: 
position: 
  x: -95.524407959
  y: -8.46067199707
  z: 0.0
orientation: 
  x: 0.0
  y: 0.0
  z: 0.0
  w: 1.0