subloc: 
position: 
  x: -24.5414360407
  y: 31.5685146893
  z: 0.0
orientation: 
  x: -0.0
  y: -0.0
  z: -0.219798836723
  w: 0.975545217494

maploc: 
position: 
  x: -52.194519043
  y: -0.314068603516
  z: 0.0
orientation: 
  x: 0.0
  y: 0.0
  z: 0.0
  w: 1.0