subloc: 
position: 
  x: -97.0428416845
  y: 71.2651001255
  z: 0.0
orientation: 
  x: -0.0
  y: -0.0
  z: -0.217529047018
  w: 0.976053847748

maploc: 
position: 
  x: -118.921398926
  y: 53.7638183594
  z: 0.0
orientation: 
  x: 0.0
  y: 0.0
  z: 0.0
  w: 1.0