subloc: 
position: 
  x: -73.7016008918
  y: 76.17982257
  z: 0.0
orientation: 
  x: -0.0
  y: -0.0
  z: -0.21695712288
  w: 0.976181134233

maploc: 
position: 
  x: -106.955383301
  y: 49.1486694336
  z: 0.0
orientation: 
  x: 0.0
  y: 0.0
  z: 0.0
  w: 1.0