subloc: 
position: 
  x: -77.4755355388
  y: 88.0703105546
  z: 0.0
orientation: 
  x: -0.0
  y: -0.0
  z: -0.215954905595
  w: 0.976403338149

maploc: 
position: 
  x: -114.623632813
  y: 55.5760498047
  z: 0.0
orientation: 
  x: 0.0
  y: 0.0
  z: 0.0
  w: 1.0