subloc: 
position: 
  x: 38.489027619
  y: -4.02439940985
  z: 0.0
orientation: 
  x: -0.0
  y: -0.0
  z: -0.223461376045
  w: 0.974712785089

maploc: 
position: 
  x: 30.3043060303
  y: -16.2326309204
  z: 0.0
orientation: 
  x: 0.0
  y: 0.0
  z: 0.0
  w: 1.0