subloc: 
position: 
  x: -41.6030432725
  y: 122.029238665
  z: 0.0
orientation: 
  x: -0.0
  y: -0.0
  z: -0.127814294274
  w: 0.991798117653

maploc: 
position: 
  x: -50.2077301025
  y: 102.942871094
  z: 0.0
orientation: 
  x: 0.0
  y: 0.0
  z: 0.0
  w: 1.0