subloc: 
position: 
  x: -101.48107362
  y: 87.0763073283
  z: 0.0
orientation: 
  x: -0.0
  y: -0.0
  z: -0.199395327793
  w: 0.979919130977

maploc: 
position: 
  x: -118.891320801
  y: 61.558190918
  z: 0.0
orientation: 
  x: 0.0
  y: 0.0
  z: 0.0
  w: 1.0