subloc: 
position: 
  x: -15.4354551529
  y: -4.03911809338
  z: 0.0
orientation: 
  x: -0.0
  y: -0.0
  z: -0.000524924202443
  w: 0.999999862227

maploc: 
position: 
  x: -41.0523956299
  y: -20.4625106812
  z: 0.0
orientation: 
  x: 0.0
  y: 0.0
  z: 0.0
  w: 1.0