subloc: 
position: 
  x: -32.691036098
  y: 122.360955397
  z: 0.0
orientation: 
  x: -0.0
  y: -0.0
  z: -0.135084333179
  w: 0.990834104646

maploc: 
position: 
  x: -54.6559448242
  y: 93.7361206055
  z: 0.0
orientation: 
  x: 0.0
  y: 0.0
  z: 0.0
  w: 1.0