subloc: 
position: 
  x: 17.2212884128
  y: 24.5828306893
  z: 0.0
orientation: 
  x: -0.0
  y: -0.0
  z: -0.223706804831
  w: 0.974656485882

maploc: 
position: 
  x: -9.71290130615
  y: -3.82463989258
  z: 0.0
orientation: 
  x: 0.0
  y: 0.0
  z: 0.0
  w: 1.0