subloc: 
position: 
  x: -71.7688267514
  y: 161.789403671
  z: 0.0
orientation: 
  x: -0.0
  y: -0.0
  z: -0.176908872017
  w: 0.98422723545

maploc: 
position: 
  x: -96.673828125
  y: 130.320153809
  z: 0.0
orientation: 
  x: 0.0
  y: 0.0
  z: 0.0
  w: 1.0