subloc: 
position: 
  x: -25.5370190061
  y: 97.489750518
  z: 0.0
orientation: 
  x: -0.0
  y: -0.0
  z: -0.137287497555
  w: 0.990531242826

maploc: 
position: 
  x: -43.5856262207
  y: 86.0498535156
  z: 0.0
orientation: 
  x: 0.0
  y: 0.0
  z: 0.0
  w: 1.0