subloc: 
position: 
  x: -27.2282159358
  y: 120.341312173
  z: 0.0
orientation: 
  x: -0.0
  y: -0.0
  z: -0.13593589864
  w: 0.990717634577

maploc: 
position: 
  x: -53.8371582031
  y: 94.4343139648
  z: 0.0
orientation: 
  x: 0.0
  y: 0.0
  z: 0.0
  w: 1.0