subloc: 
position: 
  x: -39.218034775
  y: 21.4754797344
  z: 0.0
orientation: 
  x: -0.0
  y: -0.0
  z: -0.219592611204
  w: 0.975591658997

maploc: 
position: 
  x: -58.6162231445
  y: 6.03479003906
  z: 0.0
orientation: 
  x: 0.0
  y: 0.0
  z: 0.0
  w: 1.0