subloc: 
position: 
  x: -47.3529751812
  y: -35.6540974447
  z: 0.0
orientation: 
  x: -0.0
  y: -0.0
  z: -0.0201018019515
  w: 0.999797938365

maploc: 
position: 
  x: -59.2018920898
  y: -55.5373291016
  z: 0.0
orientation: 
  x: 0.0
  y: 0.0
  z: 0.0
  w: 1.0