subloc: 
position: 
  x: -37.4583260471
  y: -18.0490330702
  z: 0.0
orientation: 
  x: -0.0
  y: -0.0
  z: -0.0184000842608
  w: 0.999830704119

maploc: 
position: 
  x: -53.2696533203
  y: -28.9984313965
  z: 0.0
orientation: 
  x: 0.0
  y: 0.0
  z: 0.0
  w: 1.0