subloc: 
position: 
  x: -96.8121896782
  y: 72.7766092456
  z: 0.0
orientation: 
  x: -0.0
  y: -0.0
  z: -0.216013506465
  w: 0.976390375324

maploc: 
position: 
  x: -118.775915527
  y: 53.9960998535
  z: 0.0
orientation: 
  x: 0.0
  y: 0.0
  z: 0.0
  w: 1.0