subloc: 
position: 
  x: -30.7529325327
  y: -3.87192906802
  z: 0.0
orientation: 
  x: -0.0
  y: -0.0
  z: -0.00464035540579
  w: 0.999989233493

maploc: 
position: 
  x: -38.8969116211
  y: -19.8002212524
  z: 0.0
orientation: 
  x: 0.0
  y: 0.0
  z: 0.0
  w: 1.0