subloc: 
position: 
  x: -46.7154913439
  y: 76.6621908735
  z: 0.0
orientation: 
  x: -0.0
  y: -0.0
  z: -0.104888103144
  w: 0.994484029947

maploc: 
position: 
  x: -53.3223205566
  y: 64.5142822266
  z: 0.0
orientation: 
  x: 0.0
  y: 0.0
  z: 0.0
  w: 1.0