subloc: 
position: 
  x: -55.5172162109
  y: 88.1400372577
  z: 0.0
orientation: 
  x: -0.0
  y: -0.0
  z: -0.218137106283
  w: 0.975918133279

maploc: 
position: 
  x: -101.976599121
  y: 56.7960083008
  z: 0.0
orientation: 
  x: 0.0
  y: 0.0
  z: 0.0
  w: 1.0