subloc: 
position: 
  x: -81.5114624999
  y: 52.8384394976
  z: 0.0
orientation: 
  x: -0.0
  y: -0.0
  z: -0.0949590689728
  w: 0.995481177733

maploc: 
position: 
  x: -85.5825317383
  y: 47.1838867188
  z: 0.0
orientation: 
  x: 0.0
  y: 0.0
  z: 0.0
  w: 1.0