subloc: 
position: 
  x: -72.4782218712
  y: 53.7834646286
  z: 0.0
orientation: 
  x: -0.0
  y: -0.0
  z: -0.101703826105
  w: 0.994814722326

maploc: 
position: 
  x: -89.7895446777
  y: 33.2642944336
  z: 0.0
orientation: 
  x: 0.0
  y: 0.0
  z: 0.0
  w: 1.0