subloc: 
position: 
  x: -69.6293766031
  y: 65.908909249
  z: 0.0
orientation: 
  x: -0.0
  y: -0.0
  z: -0.106428929342
  w: 0.994320312072

maploc: 
position: 
  x: -81.6556518555
  y: 37.8046569824
  z: 0.0
orientation: 
  x: 0.0
  y: 0.0
  z: 0.0
  w: 1.0