subloc: 
position: 
  x: -77.3421627541
  y: 54.6077178907
  z: 0.0
orientation: 
  x: -0.0
  y: -0.0
  z: -0.101849290417
  w: 0.99479984019

maploc: 
position: 
  x: -87.173828125
  y: 48.1619384766
  z: 0.0
orientation: 
  x: 0.0
  y: 0.0
  z: 0.0
  w: 1.0