subloc: 
position: 
  x: -49.7202277031
  y: -48.7605845325
  z: 0.0
orientation: 
  x: -0.0
  y: -0.0
  z: -0.0375686351876
  w: 0.999294049642

maploc: 
position: 
  x: -57.2139831543
  y: -60.6475219727
  z: 0.0
orientation: 
  x: 0.0
  y: 0.0
  z: 0.0
  w: 1.0