subloc: 
position: 
  x: -69.2074602246
  y: 8.21064889423
  z: 0.0
orientation: 
  x: -0.0
  y: -0.0
  z: -0.0756856651017
  w: 0.997131726553

maploc: 
position: 
  x: -90.4718383789
  y: -13.8541412354
  z: 0.0
orientation: 
  x: 0.0
  y: 0.0
  z: 0.0
  w: 1.0