subloc: 
position: 
  x: -34.5346739733
  y: 111.622758208
  z: 0.0
orientation: 
  x: -0.0
  y: -0.0
  z: -0.127189932358
  w: 0.991878380199

maploc: 
position: 
  x: -47.8543518066
  y: 89.7699584961
  z: 0.0
orientation: 
  x: 0.0
  y: 0.0
  z: 0.0
  w: 1.0