subloc: 
position: 
  x: -0.930416397752
  y: 11.4498471114
  z: 0.0
orientation: 
  x: -0.0
  y: -0.0
  z: -0.235867818584
  w: 0.971785147117

maploc: 
position: 
  x: -25.8307312012
  y: -16.1309997559
  z: 0.0
orientation: 
  x: 0.0
  y: 0.0
  z: 0.0
  w: 1.0