subloc: 
position: 
  x: -53.2621415017
  y: 122.521771835
  z: 0.0
orientation: 
  x: -0.0
  y: -0.0
  z: -0.179863169393
  w: 0.983691638826

maploc: 
position: 
  x: -73.7012084961
  y: 98.304675293
  z: 0.0
orientation: 
  x: 0.0
  y: 0.0
  z: 0.0
  w: 1.0