subloc: 
position: 
  x: -28.0208214483
  y: 3.61351516868
  z: 0.0
orientation: 
  x: -0.0
  y: -0.0
  z: -0.0593720444254
  w: 0.998235924189

maploc: 
position: 
  x: -45.058706665
  y: -11.6260574341
  z: 0.0
orientation: 
  x: 0.0
  y: 0.0
  z: 0.0
  w: 1.0