subloc: 
position: 
  x: -82.6594257524
  y: 167.710523944
  z: 0.0
orientation: 
  x: -0.0
  y: -0.0
  z: -0.153292186709
  w: 0.988180907271

maploc: 
position: 
  x: -97.2694763184
  y: 143.143395996
  z: 0.0
orientation: 
  x: 0.0
  y: 0.0
  z: 0.0
  w: 1.0