subloc: 
position: 
  x: -56.9479938062
  y: 139.510390984
  z: 0.0
orientation: 
  x: -0.0
  y: -0.0
  z: -0.178563631793
  w: 0.983928365991

maploc: 
position: 
  x: -76.1309082031
  y: 122.623620605
  z: 0.0
orientation: 
  x: 0.0
  y: 0.0
  z: 0.0
  w: 1.0