subloc: 
position: 
  x: -54.0870548372
  y: -24.6678778451
  z: 0.0
orientation: 
  x: -0.0
  y: -0.0
  z: -0.0493050164862
  w: 0.998783768065

maploc: 
position: 
  x: -69.6615966797
  y: -41.4123138428
  z: 0.0
orientation: 
  x: 0.0
  y: 0.0
  z: 0.0
  w: 1.0