subloc: 
position: 
  x: -35.7415796022
  y: -52.9172875188
  z: 0.0
orientation: 
  x: -0.0
  y: -0.0
  z: -0.0223778606148
  w: 0.999749584323

maploc: 
position: 
  x: -51.4040039063
  y: -73.2287719727
  z: 0.0
orientation: 
  x: 0.0
  y: 0.0
  z: 0.0
  w: 1.0