subloc: 
position: 
  x: -70.51821908
  y: 169.175438886
  z: 0.0
orientation: 
  x: -0.0
  y: -0.0
  z: -0.173585327408
  w: 0.984818833141

maploc: 
position: 
  x: -95.8254821777
  y: 134.004638672
  z: 0.0
orientation: 
  x: 0.0
  y: 0.0
  z: 0.0
  w: 1.0