subloc: 
position: 
  x: -32.9031179621
  y: -11.6884239643
  z: 0.0
orientation: 
  x: -0.0
  y: -0.0
  z: -0.0143899758077
  w: 0.999896458938

maploc: 
position: 
  x: -40.9992706299
  y: -22.6758377075
  z: 0.0
orientation: 
  x: 0.0
  y: 0.0
  z: 0.0
  w: 1.0