subloc: 
position: 
  x: -1.30348829375
  y: -0.202456808498
  z: 0.0
orientation: 
  x: 0.0
  y: 0.0
  z: -0.237127381959
  w: 0.971478566272

maploc: 
position: 
  x: -13.3310714722
  y: -5.41964569092
  z: 0.0
orientation: 
  x: 0.0
  y: 0.0
  z: 0.0
  w: 1.0