subloc: 
position: 
  x: -41.3306873551
  y: 55.9380156864
  z: 0.0
orientation: 
  x: -0.0
  y: -0.0
  z: -0.10326314845
  w: 0.994654071611

maploc: 
position: 
  x: -69.0512084961
  y: 24.575567627
  z: 0.0
orientation: 
  x: 0.0
  y: 0.0
  z: 0.0
  w: 1.0