subloc: 
position: 
  x: -21.2360963076
  y: 97.6824308748
  z: 0.0
orientation: 
  x: -0.0
  y: -0.0
  z: -0.124539721968
  w: 0.992214622777

maploc: 
position: 
  x: -37.2534515381
  y: 78.2994262695
  z: 0.0
orientation: 
  x: 0.0
  y: 0.0
  z: 0.0
  w: 1.0