subloc: 
position: 
  x: -65.7185717103
  y: 158.839907598
  z: 0.0
orientation: 
  x: -0.0
  y: -0.0
  z: -0.177021001808
  w: 0.984207074207

maploc: 
position: 
  x: -98.8634033203
  y: 125.599157715
  z: 0.0
orientation: 
  x: 0.0
  y: 0.0
  z: 0.0
  w: 1.0