subloc: 
position: 
  x: -52.7027716396
  y: -10.3728631175
  z: 0.0
orientation: 
  x: -0.0
  y: -0.0
  z: -0.0474127138717
  w: 0.998875384902

maploc: 
position: 
  x: -83.0680358887
  y: -23.8817382813
  z: 0.0
orientation: 
  x: 0.0
  y: 0.0
  z: 0.0
  w: 1.0