subloc: 
position: 
  x: 18.8849249608
  y: 12.7507248649
  z: 0.0
orientation: 
  x: -0.0
  y: -0.0
  z: -0.21953967578
  w: 0.975603572543

maploc: 
position: 
  x: -3.3475730896
  y: -23.3658721924
  z: 0.0
orientation: 
  x: 0.0
  y: 0.0
  z: 0.0
  w: 1.0