subloc: 
position: 
  x: -72.6335751638
  y: 9.43550104547
  z: 0.0
orientation: 
  x: -0.0
  y: -0.0
  z: -0.0483452762304
  w: 0.998830683483

maploc: 
position: 
  x: -86.0474182129
  y: -10.6939971924
  z: 0.0
orientation: 
  x: 0.0
  y: 0.0
  z: 0.0
  w: 1.0