subloc: 
position: 
  x: -55.0185628233
  y: 132.379731493
  z: 0.0
orientation: 
  x: -0.0
  y: -0.0
  z: -0.154075905842
  w: 0.988059014047

maploc: 
position: 
  x: -85.1498046875
  y: 119.212683105
  z: 0.0
orientation: 
  x: 0.0
  y: 0.0
  z: 0.0
  w: 1.0