subloc: 
position: 
  x: -60.3835300852
  y: -6.89747157838
  z: 0.0
orientation: 
  x: -0.0
  y: -0.0
  z: -0.0743009650167
  w: 0.997235863072

maploc: 
position: 
  x: -84.3459838867
  y: -27.7087463379
  z: 0.0
orientation: 
  x: 0.0
  y: 0.0
  z: 0.0
  w: 1.0