subloc: 
position: 
  x: -55.2687178771
  y: 65.3491710271
  z: 0.0
orientation: 
  x: -0.0
  y: -0.0
  z: -0.220079974227
  w: 0.975481832196

maploc: 
position: 
  x: -90.2214355469
  y: 28.102722168
  z: 0.0
orientation: 
  x: 0.0
  y: 0.0
  z: 0.0
  w: 1.0