subloc: 
position: 
  x: -48.5927660772
  y: 61.7883776019
  z: 0.0
orientation: 
  x: -0.0
  y: -0.0
  z: -0.220605189646
  w: 0.97536318892

maploc: 
position: 
  x: -81.4998596191
  y: 26.1076965332
  z: 0.0
orientation: 
  x: 0.0
  y: 0.0
  z: 0.0
  w: 1.0