subloc: 
position: 
  x: -47.9706840716
  y: -31.4794582548
  z: 0.0
orientation: 
  x: -0.0
  y: -0.0
  z: -0.0216221857659
  w: 0.999766213213

maploc: 
position: 
  x: -62.9754699707
  y: -47.538369751
  z: 0.0
orientation: 
  x: 0.0
  y: 0.0
  z: 0.0
  w: 1.0