subloc: 
position: 
  x: -72.2404909304
  y: 104.092428599
  z: 0.0
orientation: 
  x: -0.0
  y: -0.0
  z: -0.174702396955
  w: 0.984621283793

maploc: 
position: 
  x: -91.7397033691
  y: 84.506262207
  z: 0.0
orientation: 
  x: 0.0
  y: 0.0
  z: 0.0
  w: 1.0