subloc: 
position: 
  x: -66.2417224538
  y: 75.7452091535
  z: 0.0
orientation: 
  x: -0.0
  y: -0.0
  z: -0.217938667075
  w: 0.975962467205

maploc: 
position: 
  x: -98.878314209
  y: 49.1078369141
  z: 0.0
orientation: 
  x: 0.0
  y: 0.0
  z: 0.0
  w: 1.0