subloc: 
position: 
  x: -55.1042137079
  y: 121.455867088
  z: 0.0
orientation: 
  x: -0.0
  y: -0.0
  z: -0.15397944086
  w: 0.988074051776

maploc: 
position: 
  x: -71.9752502441
  y: 103.460681152
  z: 0.0
orientation: 
  x: 0.0
  y: 0.0
  z: 0.0
  w: 1.0