subloc: 
position: 
  x: -25.6075286707
  y: 85.3305541497
  z: 0.0
orientation: 
  x: -0.0
  y: -0.0
  z: -0.122697872353
  w: 0.992444070021

maploc: 
position: 
  x: -43.3427001953
  y: 65.7702514648
  z: 0.0
orientation: 
  x: 0.0
  y: 0.0
  z: 0.0
  w: 1.0