subloc: 
position: 
  x: -52.3512623104
  y: 123.516175744
  z: 0.0
orientation: 
  x: -0.0
  y: -0.0
  z: -0.179652235597
  w: 0.983730183661

maploc: 
position: 
  x: -68.896661377
  y: 107.47467041
  z: 0.0
orientation: 
  x: 0.0
  y: 0.0
  z: 0.0
  w: 1.0