subloc: 
position: 
  x: -37.6864070081
  y: -52.2754960228
  z: 0.0
orientation: 
  x: -0.0
  y: -0.0
  z: -0.0365471112387
  w: 0.999331931172

maploc: 
position: 
  x: -53.3026000977
  y: -71.1917724609
  z: 0.0
orientation: 
  x: 0.0
  y: 0.0
  z: 0.0
  w: 1.0