subloc: 
position: 
  x: -63.7425787645
  y: -13.2789663547
  z: 0.0
orientation: 
  x: -0.0
  y: -0.0
  z: -0.0474955725502
  w: 0.99887144848

maploc: 
position: 
  x: -82.1705993652
  y: -26.611340332
  z: 0.0
orientation: 
  x: 0.0
  y: 0.0
  z: 0.0
  w: 1.0