subloc: 
position: 
  x: -57.8998499333
  y: 82.6337447477
  z: 0.0
orientation: 
  x: -0.0
  y: -0.0
  z: -0.218610955865
  w: 0.975812097679

maploc: 
position: 
  x: -88.9982055664
  y: 52.4150756836
  z: 0.0
orientation: 
  x: 0.0
  y: 0.0
  z: 0.0
  w: 1.0