subloc: 
position: 
  x: -21.0493602797
  y: 88.9664827666
  z: 0.0
orientation: 
  x: -0.0
  y: -0.0
  z: -0.122426115929
  w: 0.992477630044

maploc: 
position: 
  x: -42.3694000244
  y: 67.8056518555
  z: 0.0
orientation: 
  x: 0.0
  y: 0.0
  z: 0.0
  w: 1.0