subloc: 
position: 
  x: -21.7123563845
  y: 101.875442017
  z: 0.0
orientation: 
  x: -0.0
  y: -0.0
  z: -0.124066331139
  w: 0.992273926634

maploc: 
position: 
  x: -33.2834869385
  y: 79.2965454102
  z: 0.0
orientation: 
  x: 0.0
  y: 0.0
  z: 0.0
  w: 1.0