subloc: 
position: 
  x: 19.6583306343
  y: 23.9096779016
  z: 0.0
orientation: 
  x: -0.0
  y: -0.0
  z: -0.228603116192
  w: 0.973519704612

maploc: 
position: 
  x: 7.79084625244
  y: 11.6731201172
  z: 0.0
orientation: 
  x: 0.0
  y: 0.0
  z: 0.0
  w: 1.0