subloc: 
position: 
  x: -60.438449727
  y: -10.7622315012
  z: 0.0
orientation: 
  x: -0.0
  y: -0.0
  z: -0.0475089908529
  w: 0.998870810359

maploc: 
position: 
  x: -82.2184997559
  y: -26.0864440918
  z: 0.0
orientation: 
  x: 0.0
  y: 0.0
  z: 0.0
  w: 1.0