subloc: 
position: 
  x: 24.3493291631
  y: 3.14780150662
  z: 0.0
orientation: 
  x: -0.0
  y: -0.0
  z: -0.245464037841
  w: 0.969405697387

maploc: 
position: 
  x: 1.94339141846
  y: -16.2468780518
  z: 0.0
orientation: 
  x: 0.0
  y: 0.0
  z: 0.0
  w: 1.0