subloc: 
position: 
  x: -90.8870302217
  y: 97.4353309204
  z: 0.0
orientation: 
  x: -0.0
  y: -0.0
  z: -0.199616690458
  w: 0.97987406175

maploc: 
position: 
  x: -117.026989746
  y: 59.2091674805
  z: 0.0
orientation: 
  x: 0.0
  y: 0.0
  z: 0.0
  w: 1.0