subloc: 
position: 
  x: 33.8054565706
  y: 4.51497725291
  z: 0.0
orientation: 
  x: -0.0
  y: -0.0
  z: -0.222145442478
  w: 0.975013539591

maploc: 
position: 
  x: 15.4681808472
  y: -19.1869750977
  z: 0.0
orientation: 
  x: 0.0
  y: 0.0
  z: 0.0
  w: 1.0