subloc: 
position: 
  x: -99.1496188788
  y: 47.6234579416
  z: 0.0
orientation: 
  x: -0.0
  y: -0.0
  z: -0.087890073084
  w: 0.996130179772

maploc: 
position: 
  x: -112.505285645
  y: 25.6992004395
  z: 0.0
orientation: 
  x: 0.0
  y: 0.0
  z: 0.0
  w: 1.0