subloc: 
position: 
  x: -59.2084702056
  y: 70.2095307554
  z: 0.0
orientation: 
  x: -0.0
  y: -0.0
  z: -0.219722463143
  w: 0.975562421986

maploc: 
position: 
  x: -88.7103942871
  y: 33.1073608398
  z: 0.0
orientation: 
  x: 0.0
  y: 0.0
  z: 0.0
  w: 1.0