subloc: 
position: 
  x: -77.2542857884
  y: 167.25241934
  z: 0.0
orientation: 
  x: -0.0
  y: -0.0
  z: -0.17173185247
  w: 0.98514373106

maploc: 
position: 
  x: -94.7151916504
  y: 140.698266602
  z: 0.0
orientation: 
  x: 0.0
  y: 0.0
  z: 0.0
  w: 1.0