subloc: 
position: 
  x: -55.6130091128
  y: 74.61663184
  z: 0.0
orientation: 
  x: -0.0
  y: -0.0
  z: -0.154901479663
  w: 0.987929922413

maploc: 
position: 
  x: -87.9043457031
  y: 53.8866333008
  z: 0.0
orientation: 
  x: 0.0
  y: 0.0
  z: 0.0
  w: 1.0