subloc: 
position: 
  x: 47.1540662483
  y: -22.4201041149
  z: 0.0
orientation: 
  x: -0.0
  y: -0.0
  z: -0.234591260635
  w: 0.972094100606

maploc: 
position: 
  x: 11.7544677734
  y: -31.0986694336
  z: 0.0
orientation: 
  x: 0.0
  y: 0.0
  z: 0.0
  w: 1.0