subloc: 
position: 
  x: -61.868771492
  y: -26.5045649503
  z: 0.0
orientation: 
  x: -0.0
  y: -0.0
  z: -0.0488430550779
  w: 0.998806465723

maploc: 
position: 
  x: -72.5588928223
  y: -41.3519073486
  z: 0.0
orientation: 
  x: 0.0
  y: 0.0
  z: 0.0
  w: 1.0