subloc: 
position: 
  x: -29.6472109851
  y: 118.893583627
  z: 0.0
orientation: 
  x: -0.0
  y: -0.0
  z: -0.13568460894
  w: 0.99075208145

maploc: 
position: 
  x: -53.8179626465
  y: 93.9508911133
  z: 0.0
orientation: 
  x: 0.0
  y: 0.0
  z: 0.0
  w: 1.0