subloc: 
position: 
  x: -80.8346826737
  y: 69.1827037457
  z: 0.0
orientation: 
  x: -0.0
  y: -0.0
  z: -0.219698156648
  w: 0.975567896133

maploc: 
position: 
  x: -104.821179199
  y: 47.9522521973
  z: 0.0
orientation: 
  x: 0.0
  y: 0.0
  z: 0.0
  w: 1.0