subloc: 
position: 
  x: -69.7614395004
  y: 145.98784165
  z: 0.0
orientation: 
  x: -0.0
  y: -0.0
  z: -0.155986785552
  w: 0.987759142065

maploc: 
position: 
  x: -88.866986084
  y: 127.179626465
  z: 0.0
orientation: 
  x: 0.0
  y: 0.0
  z: 0.0
  w: 1.0