subloc: 
position: 
  x: -74.8400274178
  y: 71.6341850122
  z: 0.0
orientation: 
  x: -0.0
  y: -0.0
  z: -0.217428388801
  w: 0.976076275576

maploc: 
position: 
  x: -107.68795166
  y: 48.6480224609
  z: 0.0
orientation: 
  x: 0.0
  y: 0.0
  z: 0.0
  w: 1.0