subloc: 
position: 
  x: -58.2089151293
  y: 54.661001125
  z: 0.0
orientation: 
  x: -0.0
  y: -0.0
  z: -0.105408245245
  w: 0.994429033081

maploc: 
position: 
  x: -76.0790100098
  y: 28.9621032715
  z: 0.0
orientation: 
  x: 0.0
  y: 0.0
  z: 0.0
  w: 1.0