subloc: 
position: 
  x: -67.3145164137
  y: -5.3836315811
  z: 0.0
orientation: 
  x: -0.0
  y: -0.0
  z: -0.0609288852866
  w: 0.99814210959

maploc: 
position: 
  x: -84.069342041
  y: -26.8072753906
  z: 0.0
orientation: 
  x: 0.0
  y: 0.0
  z: 0.0
  w: 1.0