subloc: 
position: 
  x: -29.190901194
  y: 119.502063586
  z: 0.0
orientation: 
  x: -0.0
  y: -0.0
  z: -0.135825388239
  w: 0.990732791377

maploc: 
position: 
  x: -44.5506958008
  y: 103.599963379
  z: 0.0
orientation: 
  x: 0.0
  y: 0.0
  z: 0.0
  w: 1.0