subloc: 
position: 
  x: -42.5962402441
  y: 126.060261632
  z: 0.0
orientation: 
  x: -0.0
  y: -0.0
  z: -0.128208645656
  w: 0.991747217379

maploc: 
position: 
  x: -51.0671600342
  y: 110.619250488
  z: 0.0
orientation: 
  x: 0.0
  y: 0.0
  z: 0.0
  w: 1.0