subloc: 
position: 
  x: -65.7999058832
  y: -0.226489331197
  z: 0.0
orientation: 
  x: -0.0
  y: -0.0
  z: -0.0607078980817
  w: 0.998155574603

maploc: 
position: 
  x: -84.0331970215
  y: -26.312789917
  z: 0.0
orientation: 
  x: 0.0
  y: 0.0
  z: 0.0
  w: 1.0