subloc: 
position: 
  x: 27.985788645
  y: -2.04842262097
  z: 0.0
orientation: 
  x: -0.0
  y: -0.0
  z: -0.245936081111
  w: 0.969286048599

maploc: 
position: 
  x: 9.3446434021
  y: -23.6273452759
  z: 0.0
orientation: 
  x: 0.0
  y: 0.0
  z: 0.0
  w: 1.0