subloc: 
position: 
  x: -60.8968034679
  y: 153.685659916
  z: 0.0
orientation: 
  x: -0.0
  y: -0.0
  z: -0.177083539216
  w: 0.984195824081

maploc: 
position: 
  x: -96.9059143066
  y: 121.741711426
  z: 0.0
orientation: 
  x: 0.0
  y: 0.0
  z: 0.0
  w: 1.0