subloc: 
position: 
  x: 43.1260318117
  y: -19.0279105825
  z: 0.0
orientation: 
  x: -0.0
  y: -0.0
  z: -0.235893601495
  w: 0.971778888829

maploc: 
position: 
  x: 11.8071243286
  y: -31.0905151367
  z: 0.0
orientation: 
  x: 0.0
  y: 0.0
  z: 0.0
  w: 1.0