subloc: 
position: 
  x: -34.6096380495
  y: 82.5624543045
  z: 0.0
orientation: 
  x: -0.0
  y: -0.0
  z: -0.143378956581
  w: 0.989667860855

maploc: 
position: 
  x: -53.6739868164
  y: 62.2912414551
  z: 0.0
orientation: 
  x: 0.0
  y: 0.0
  z: 0.0
  w: 1.0