subloc: 
position: 
  x: -47.5276733297
  y: 72.1928320038
  z: 0.0
orientation: 
  x: -0.0
  y: -0.0
  z: -0.14650529015
  w: 0.989209886707

maploc: 
position: 
  x: -74.3578369141
  y: 39.682635498
  z: 0.0
orientation: 
  x: 0.0
  y: 0.0
  z: 0.0
  w: 1.0