subloc: 
position: 
  x: -52.7407261845
  y: 69.0920759941
  z: 0.0
orientation: 
  x: -0.0
  y: -0.0
  z: -0.147420628853
  w: 0.989073889145

maploc: 
position: 
  x: -87.4934692383
  y: 39.625592041
  z: 0.0
orientation: 
  x: 0.0
  y: 0.0
  z: 0.0
  w: 1.0