subloc: 
position: 
  x: -63.207292074
  y: 116.923743258
  z: 0.0
orientation: 
  x: -0.0
  y: -0.0
  z: -0.152167089204
  w: 0.988354782941

maploc: 
position: 
  x: -78.0200256348
  y: 88.6595092773
  z: 0.0
orientation: 
  x: 0.0
  y: 0.0
  z: 0.0
  w: 1.0