subloc: 
position: 
  x: -43.0180443895
  y: -49.4584275792
  z: 0.0
orientation: 
  x: -0.0
  y: -0.0
  z: -0.0365494963206
  w: 0.999331843943

maploc: 
position: 
  x: -57.06796875
  y: -71.0460693359
  z: 0.0
orientation: 
  x: 0.0
  y: 0.0
  z: 0.0
  w: 1.0