subloc: 
position: 
  x: -36.9930491182
  y: 85.3505941242
  z: 0.0
orientation: 
  x: -0.0
  y: -0.0
  z: -0.119326589636
  w: 0.992855057401

maploc: 
position: 
  x: -53.1462646484
  y: 67.2427856445
  z: 0.0
orientation: 
  x: 0.0
  y: 0.0
  z: 0.0
  w: 1.0