subloc: 
position: 
  x: -72.5576612025
  y: 73.468227042
  z: 0.0
orientation: 
  x: -0.0
  y: -0.0
  z: -0.219638937777
  w: 0.97558123035

maploc: 
position: 
  x: -98.2010559082
  y: 47.085925293
  z: 0.0
orientation: 
  x: 0.0
  y: 0.0
  z: 0.0
  w: 1.0