subloc: 
position: 
  x: -54.7917535446
  y: -21.3306570601
  z: 0.0
orientation: 
  x: -0.0
  y: -0.0
  z: -0.0487631641808
  w: 0.998810369299

maploc: 
position: 
  x: -63.9268066406
  y: -41.4479553223
  z: 0.0
orientation: 
  x: 0.0
  y: 0.0
  z: 0.0
  w: 1.0