subloc: 
position: 
  x: -59.8568609285
  y: 119.517420259
  z: 0.0
orientation: 
  x: -0.0
  y: -0.0
  z: -0.153823388701
  w: 0.988098358003

maploc: 
position: 
  x: -72.6586608887
  y: 92.8396606445
  z: 0.0
orientation: 
  x: 0.0
  y: 0.0
  z: 0.0
  w: 1.0