subloc: 
position: 
  x: -56.4258604183
  y: 1.78225154586
  z: 0.0
orientation: 
  x: -0.0
  y: -0.0
  z: -0.0442271742089
  w: 0.999021499799

maploc: 
position: 
  x: -77.6889953613
  y: -17.409828186
  z: 0.0
orientation: 
  x: 0.0
  y: 0.0
  z: 0.0
  w: 1.0