subloc: 
position: 
  x: -39.3625154369
  y: -18.2088912862
  z: 0.0
orientation: 
  x: -0.0
  y: -0.0
  z: -0.0677065802466
  w: 0.997705276618

maploc: 
position: 
  x: -63.6150939941
  y: -49.6486724854
  z: 0.0
orientation: 
  x: 0.0
  y: 0.0
  z: 0.0
  w: 1.0