subloc: 
position: 
  x: -55.7236774588
  y: 110.116243396
  z: 0.0
orientation: 
  x: -0.0
  y: -0.0
  z: -0.154143302077
  w: 0.988048502061

maploc: 
position: 
  x: -84.8972045898
  y: 76.909387207
  z: 0.0
orientation: 
  x: 0.0
  y: 0.0
  z: 0.0
  w: 1.0