subloc: 
position: 
  x: -56.1300224946
  y: 82.5491380952
  z: 0.0
orientation: 
  x: -0.0
  y: -0.0
  z: -0.155921723999
  w: 0.98776941438

maploc: 
position: 
  x: -87.0180969238
  y: 56.0159912109
  z: 0.0
orientation: 
  x: 0.0
  y: 0.0
  z: 0.0
  w: 1.0