subloc: 
position: 
  x: 33.1440261531
  y: -14.7819985755
  z: 0.0
orientation: 
  x: -0.0
  y: -0.0
  z: -0.237653815713
  w: 0.971349918349

maploc: 
position: 
  x: 17.7994613647
  y: -30.3334960938
  z: 0.0
orientation: 
  x: 0.0
  y: 0.0
  z: 0.0
  w: 1.0