subloc: 
position: 
  x: -81.9058119184
  y: 113.881003954
  z: 0.0
orientation: 
  x: -0.0
  y: -0.0
  z: -0.173322618616
  w: 0.984865102375

maploc: 
position: 
  x: -107.593103027
  y: 85.3482788086
  z: 0.0
orientation: 
  x: 0.0
  y: 0.0
  z: 0.0
  w: 1.0