subloc: 
position: 
  x: -62.6945250041
  y: 111.20933055
  z: 0.0
orientation: 
  x: -0.0
  y: -0.0
  z: -0.178769169698
  w: 0.983891042731

maploc: 
position: 
  x: -94.566583252
  y: 88.683972168
  z: 0.0
orientation: 
  x: 0.0
  y: 0.0
  z: 0.0
  w: 1.0