subloc: 
position: 
  x: -56.8069579547
  y: 77.8229649925
  z: 0.0
orientation: 
  x: -0.0
  y: -0.0
  z: -0.156010104779
  w: 0.987755459214

maploc: 
position: 
  x: -87.9513061523
  y: 53.8645507813
  z: 0.0
orientation: 
  x: 0.0
  y: 0.0
  z: 0.0
  w: 1.0