subloc: 
position: 
  x: -40.6363833188
  y: 82.3118228352
  z: 0.0
orientation: 
  x: -0.0
  y: -0.0
  z: -0.113167322149
  w: 0.993575944353

maploc: 
position: 
  x: -59.7786804199
  y: 59.027746582
  z: 0.0
orientation: 
  x: 0.0
  y: 0.0
  z: 0.0
  w: 1.0