subloc: 
position: 
  x: -36.1943573088
  y: -10.4029576882
  z: 0.0
orientation: 
  x: -0.0
  y: -0.0
  z: -0.0154344864977
  w: 0.999880881219

maploc: 
position: 
  x: -41.8031005859
  y: -22.9017990112
  z: 0.0
orientation: 
  x: 0.0
  y: 0.0
  z: 0.0
  w: 1.0