subloc: 
position: 
  x: -53.0063059732
  y: 49.0470690137
  z: 0.0
orientation: 
  x: -0.0
  y: -0.0
  z: -0.104995982499
  w: 0.994472646008

maploc: 
position: 
  x: -74.549621582
  y: 15.880670166
  z: 0.0
orientation: 
  x: 0.0
  y: 0.0
  z: 0.0
  w: 1.0