subloc: 
position: 
  x: -68.7874376006
  y: 172.684112626
  z: 0.0
orientation: 
  x: -0.0
  y: -0.0
  z: -0.174902492715
  w: 0.984585759618

maploc: 
position: 
  x: -94.9850585938
  y: 138.683203125
  z: 0.0
orientation: 
  x: 0.0
  y: 0.0
  z: 0.0
  w: 1.0