subloc: 
position: 
  x: -73.8143631969
  y: 110.877564357
  z: 0.0
orientation: 
  x: -0.0
  y: -0.0
  z: -0.175934425556
  w: 0.984401888409

maploc: 
position: 
  x: -94.6426513672
  y: 89.0293212891
  z: 0.0
orientation: 
  x: 0.0
  y: 0.0
  z: 0.0
  w: 1.0