subloc: 
position: 
  x: -35.531610525
  y: 16.0672926214
  z: 0.0
orientation: 
  x: -0.0
  y: -0.0
  z: -0.219642342457
  w: 0.975580463827

maploc: 
position: 
  x: -60.3777038574
  y: 1.00391235352
  z: 0.0
orientation: 
  x: 0.0
  y: 0.0
  z: 0.0
  w: 1.0