subloc: 
position: 
  x: -79.9969559116
  y: 23.7843006182
  z: 0.0
orientation: 
  x: -0.0
  y: -0.0
  z: -0.0491626134575
  w: 0.998790787622

maploc: 
position: 
  x: -92.0799255371
  y: 3.32221069336
  z: 0.0
orientation: 
  x: 0.0
  y: 0.0
  z: 0.0
  w: 1.0