subloc: 
position: 
  x: -77.4993336967
  y: 51.5990346857
  z: 0.0
orientation: 
  x: -0.0
  y: -0.0
  z: -0.100523733315
  w: 0.994934660689

maploc: 
position: 
  x: -89.8765563965
  y: 34.128894043
  z: 0.0
orientation: 
  x: 0.0
  y: 0.0
  z: 0.0
  w: 1.0