subloc: 
position: 
  x: -89.5324987747
  y: 57.8984978928
  z: 0.0
orientation: 
  x: -0.0
  y: -0.0
  z: -0.0896460723959
  w: 0.995973685247

maploc: 
position: 
  x: -103.606933594
  y: 43.0632080078
  z: 0.0
orientation: 
  x: 0.0
  y: 0.0
  z: 0.0
  w: 1.0