subloc: 
position: 
  x: -102.835377189
  y: 54.4922470314
  z: 0.0
orientation: 
  x: -0.0
  y: -0.0
  z: -0.0964480776835
  w: 0.995338017113

maploc: 
position: 
  x: -118.075830078
  y: 26.3075866699
  z: 0.0
orientation: 
  x: 0.0
  y: 0.0
  z: 0.0
  w: 1.0