subloc: 
position: 
  x: -86.9693119777
  y: 51.7003040024
  z: 0.0
orientation: 
  x: -0.0
  y: -0.0
  z: -0.0886970390799
  w: 0.996058650511

maploc: 
position: 
  x: -101.939373779
  y: 42.7653320313
  z: 0.0
orientation: 
  x: 0.0
  y: 0.0
  z: 0.0
  w: 1.0