subloc: 
position: 
  x: -78.2487649107
  y: 84.5034631402
  z: 0.0
orientation: 
  x: -0.0
  y: -0.0
  z: -0.209746572174
  w: 0.977755785184

maploc: 
position: 
  x: -105.401867676
  y: 48.8962646484
  z: 0.0
orientation: 
  x: 0.0
  y: 0.0
  z: 0.0
  w: 1.0