subloc: 
position: 
  x: -39.3419567294
  y: 132.776345539
  z: 0.0
orientation: 
  x: -0.0
  y: -0.0
  z: -0.131421396658
  w: 0.991326594267

maploc: 
position: 
  x: -51.4715942383
  y: 113.225695801
  z: 0.0
orientation: 
  x: 0.0
  y: 0.0
  z: 0.0
  w: 1.0