subloc: 
position: 
  x: -32.5712459686
  y: 45.0232666278
  z: 0.0
orientation: 
  x: -0.0
  y: -0.0
  z: -0.219839684471
  w: 0.975536013242

maploc: 
position: 
  x: -70.8271606445
  y: 7.00604858398
  z: 0.0
orientation: 
  x: 0.0
  y: 0.0
  z: 0.0
  w: 1.0