subloc: 
position: 
  x: -82.6449537117
  y: 68.5139413115
  z: 0.0
orientation: 
  x: -0.0
  y: -0.0
  z: -0.217817552921
  w: 0.975989504882

maploc: 
position: 
  x: -117.448608398
  y: 53.4869140625
  z: 0.0
orientation: 
  x: 0.0
  y: 0.0
  z: 0.0
  w: 1.0