subloc: 
position: 
  x: -37.842990983
  y: 119.833255351
  z: 0.0
orientation: 
  x: -0.0
  y: -0.0
  z: -0.129312872443
  w: 0.991603842782

maploc: 
position: 
  x: -52.2255065918
  y: 111.317541504
  z: 0.0
orientation: 
  x: 0.0
  y: 0.0
  z: 0.0
  w: 1.0