subloc: 
position: 
  x: -56.1019477832
  y: -14.3922773581
  z: 0.0
orientation: 
  x: -0.0
  y: -0.0
  z: -0.0483838048065
  w: 0.998828817882

maploc: 
position: 
  x: -63.2446533203
  y: -34.2700531006
  z: 0.0
orientation: 
  x: 0.0
  y: 0.0
  z: 0.0
  w: 1.0