subloc: 
position: 
  x: -48.4691516675
  y: 104.582606899
  z: 0.0
orientation: 
  x: -0.0
  y: -0.0
  z: -0.153883441319
  w: 0.988089007371

maploc: 
position: 
  x: -77.2993103027
  y: 71.4869628906
  z: 0.0
orientation: 
  x: 0.0
  y: 0.0
  z: 0.0
  w: 1.0