subloc: 
position: 
  x: -64.8872509286
  y: 11.7283758885
  z: 0.0
orientation: 
  x: -0.0
  y: -0.0
  z: -0.0445660480898
  w: 0.999006440098

maploc: 
position: 
  x: -91.4772583008
  y: -16.9586608887
  z: 0.0
orientation: 
  x: 0.0
  y: 0.0
  z: 0.0
  w: 1.0