subloc: 
position: 
  x: -59.673196967
  y: -27.503588408
  z: 0.0
orientation: 
  x: -0.0
  y: -0.0
  z: -0.0480665664347
  w: 0.998844134583

maploc: 
position: 
  x: -72.5576904297
  y: -40.4365844727
  z: 0.0
orientation: 
  x: 0.0
  y: 0.0
  z: 0.0
  w: 1.0