subloc: 
position: 
  x: -27.9117781753
  y: -59.9335223911
  z: 0.0
orientation: 
  x: -0.0
  y: -0.0
  z: -0.0250388285892
  w: 0.999686479384

maploc: 
position: 
  x: -51.2812438965
  y: -68.2530761719
  z: 0.0
orientation: 
  x: 0.0
  y: 0.0
  z: 0.0
  w: 1.0