subloc: 
position: 
  x: -99.2720334142
  y: 96.3551265239
  z: 0.0
orientation: 
  x: -0.0
  y: -0.0
  z: -0.193187639798
  w: 0.981161829582

maploc: 
position: 
  x: -116.389331055
  y: 65.9030639648
  z: 0.0
orientation: 
  x: 0.0
  y: 0.0
  z: 0.0
  w: 1.0