subloc: 
position: 
  x: -28.9090910971
  y: 12.3739014592
  z: 0.0
orientation: 
  x: -0.0
  y: -0.0
  z: -0.220139624766
  w: 0.975468372428

maploc: 
position: 
  x: -57.1528930664
  y: -7.42088012695
  z: 0.0
orientation: 
  x: 0.0
  y: 0.0
  z: 0.0
  w: 1.0