subloc: 
position: 
  x: -69.6183624579
  y: 92.6988027166
  z: 0.0
orientation: 
  x: -0.0
  y: -0.0
  z: -0.215978843658
  w: 0.976398043368

maploc: 
position: 
  x: -114.231799316
  y: 51.4813720703
  z: 0.0
orientation: 
  x: 0.0
  y: 0.0
  z: 0.0
  w: 1.0