subloc: 
position: 
  x: -35.2826366922
  y: 128.046393401
  z: 0.0
orientation: 
  x: -0.0
  y: -0.0
  z: -0.134147607675
  w: 0.990961361182

maploc: 
position: 
  x: -54.4271850586
  y: 98.2768066406
  z: 0.0
orientation: 
  x: 0.0
  y: 0.0
  z: 0.0
  w: 1.0