subloc: 
position: 
  x: -96.7744379675
  y: 91.6630030699
  z: 0.0
orientation: 
  x: -0.0
  y: -0.0
  z: -0.19575458674
  w: 0.980652916057

maploc: 
position: 
  x: -118.971252441
  y: 61.6869384766
  z: 0.0
orientation: 
  x: 0.0
  y: 0.0
  z: 0.0
  w: 1.0