subloc: 
position: 
  x: -7.66832897912
  y: 0.483981739666
  z: 0.0
orientation: 
  x: -0.0
  y: -0.0
  z: -7.61015557273e-06
  w: 0.999999999971

maploc: 
position: 
  x: -25.3685562134
  y: -14.7657531738
  z: 0.0
orientation: 
  x: 0.0
  y: 0.0
  z: 0.0
  w: 1.0