subloc: 
position: 
  x: -39.7929327016
  y: -59.8333335901
  z: 0.0
orientation: 
  x: -0.0
  y: -0.0
  z: -0.0327370181001
  w: 0.999464000175

maploc: 
position: 
  x: -58.1222106934
  y: -74.8472229004
  z: 0.0
orientation: 
  x: 0.0
  y: 0.0
  z: 0.0
  w: 1.0