subloc: 
position: 
  x: -26.941949284
  y: -57.3681114264
  z: 0.0
orientation: 
  x: -0.0
  y: -0.0
  z: -0.0248718603053
  w: 0.999690647433

maploc: 
position: 
  x: -54.7507324219
  y: -67.6352539062
  z: 0.0
orientation: 
  x: 0.0
  y: 0.0
  z: 0.0
  w: 1.0