subloc: 
position: 
  x: -45.6349154072
  y: -7.88532414942
  z: 0.0
orientation: 
  x: -0.0
  y: -0.0
  z: -0.0578888324283
  w: 0.998323035435

maploc: 
position: 
  x: -60.966607666
  y: -20.4033599854
  z: 0.0
orientation: 
  x: 0.0
  y: 0.0
  z: 0.0
  w: 1.0