subloc: 
position: 
  x: -38.4412640769
  y: 78.8754243006
  z: 0.0
orientation: 
  x: -0.0
  y: -0.0
  z: -0.116947940372
  w: 0.993138046418

maploc: 
position: 
  x: -52.9436218262
  y: 62.2149902344
  z: 0.0
orientation: 
  x: 0.0
  y: 0.0
  z: 0.0
  w: 1.0