subloc: 
position: 
  x: -24.3335062315
  y: 104.408470223
  z: 0.0
orientation: 
  x: -0.0
  y: -0.0
  z: -0.136603596619
  w: 0.990625790796

maploc: 
position: 
  x: -43.8190948486
  y: 89.1577148438
  z: 0.0
orientation: 
  x: 0.0
  y: 0.0
  z: 0.0
  w: 1.0