subloc: 
position: 
  x: -96.8435525609
  y: 92.0555685052
  z: 0.0
orientation: 
  x: -0.0
  y: -0.0
  z: -0.198397528797
  w: 0.980121635598

maploc: 
position: 
  x: -116.970239258
  y: 64.6148193359
  z: 0.0
orientation: 
  x: 0.0
  y: 0.0
  z: 0.0
  w: 1.0