subloc: 
position: 
  x: -31.8126242282
  y: 77.2803081619
  z: 0.0
orientation: 
  x: -0.0
  y: -0.0
  z: -0.120107382942
  w: 0.992760906041

maploc: 
position: 
  x: -42.9103179932
  y: 68.7314025879
  z: 0.0
orientation: 
  x: 0.0
  y: 0.0
  z: 0.0
  w: 1.0