subloc: 
position: 
  x: 41.2584061619
  y: -6.68956120781
  z: 0.0
orientation: 
  x: -0.0
  y: -0.0
  z: -0.226781976637
  w: 0.973945550363

maploc: 
position: 
  x: 18.0189575195
  y: -25.7586608887
  z: 0.0
orientation: 
  x: 0.0
  y: 0.0
  z: 0.0
  w: 1.0