subloc: 
position: 
  x: -50.1753161701
  y: 87.1830734484
  z: 0.0
orientation: 
  x: -0.0
  y: -0.0
  z: -0.155488319747
  w: 0.987837730815

maploc: 
position: 
  x: -83.058190918
  y: 59.7257568359
  z: 0.0
orientation: 
  x: 0.0
  y: 0.0
  z: 0.0
  w: 1.0