subloc: 
position: 
  x: -67.0278422818
  y: -5.42384004207
  z: 0.0
orientation: 
  x: -0.0
  y: -0.0
  z: -0.0739827208005
  w: 0.997259523405

maploc: 
position: 
  x: -83.0452575684
  y: -19.0565124512
  z: 0.0
orientation: 
  x: 0.0
  y: 0.0
  z: 0.0
  w: 1.0