subloc: 
position: 
  x: -68.8998156247
  y: -2.1891448992
  z: 0.0
orientation: 
  x: -0.0
  y: -0.0
  z: -0.0469605065915
  w: 0.998896746827

maploc: 
position: 
  x: -85.6902404785
  y: -25.7978179932
  z: 0.0
orientation: 
  x: 0.0
  y: 0.0
  z: 0.0
  w: 1.0