subloc: 
position: 
  x: -34.5616789376
  y: 14.1740364315
  z: 0.0
orientation: 
  x: -0.0
  y: -0.0
  z: -0.221237784907
  w: 0.975219894449

maploc: 
position: 
  x: -58.7237854004
  y: 0.561596679688
  z: 0.0
orientation: 
  x: 0.0
  y: 0.0
  z: 0.0
  w: 1.0