subloc: 
position: 
  x: -57.6563582219
  y: 145.026713906
  z: 0.0
orientation: 
  x: -0.0
  y: -0.0
  z: -0.175322665712
  w: 0.984511027306

maploc: 
position: 
  x: -76.2131347656
  y: 122.695812988
  z: 0.0
orientation: 
  x: 0.0
  y: 0.0
  z: 0.0
  w: 1.0