subloc: 
position: 
  x: -30.132223731
  y: 1.88358047929
  z: 0.0
orientation: 
  x: -0.0
  y: -0.0
  z: -0.0590286022083
  w: 0.998256291802

maploc: 
position: 
  x: -48.6384643555
  y: -12.3403503418
  z: 0.0
orientation: 
  x: 0.0
  y: 0.0
  z: 0.0
  w: 1.0