subloc: 
position: 
  x: -45.2290979331
  y: 92.9204508991
  z: 0.0
orientation: 
  x: -0.0
  y: -0.0
  z: -0.154038071922
  w: 0.988064913049

maploc: 
position: 
  x: -67.791192627
  y: 67.207421875
  z: 0.0
orientation: 
  x: 0.0
  y: 0.0
  z: 0.0
  w: 1.0