subloc: 
position: 
  x: -73.0886578379
  y: 1.76070102358
  z: 0.0
orientation: 
  x: -0.0
  y: -0.0
  z: -0.0481322864867
  w: 0.998840969823

maploc: 
position: 
  x: -83.4452697754
  y: -25.8020141602
  z: 0.0
orientation: 
  x: 0.0
  y: 0.0
  z: 0.0
  w: 1.0