subloc: 
position: 
  x: -50.294051849
  y: -17.9346168696
  z: 0.0
orientation: 
  x: -0.0
  y: -0.0
  z: -0.0218108208108
  w: 0.999762115753

maploc: 
position: 
  x: -61.6763244629
  y: -28.4265930176
  z: 0.0
orientation: 
  x: 0.0
  y: 0.0
  z: 0.0
  w: 1.0