subloc: 
position: 
  x: -77.7548030758
  y: 51.6081224538
  z: 0.0
orientation: 
  x: -0.0
  y: -0.0
  z: -0.0958181675599
  w: 0.995398854111

maploc: 
position: 
  x: -89.329107666
  y: 37.772668457
  z: 0.0
orientation: 
  x: 0.0
  y: 0.0
  z: 0.0
  w: 1.0