subloc: 
position: 
  x: -60.3229631822
  y: -6.7170904901
  z: 0.0
orientation: 
  x: -0.0
  y: -0.0
  z: -0.0612232755395
  w: 0.998124095758

maploc: 
position: 
  x: -78.930657959
  y: -24.214982605
  z: 0.0
orientation: 
  x: 0.0
  y: 0.0
  z: 0.0
  w: 1.0