subloc: 
position: 
  x: -23.2728956574
  y: 85.9555656881
  z: 0.0
orientation: 
  x: -0.0
  y: -0.0
  z: -0.141311645642
  w: 0.9899651604

maploc: 
position: 
  x: -45.3911590576
  y: 69.0183349609
  z: 0.0
orientation: 
  x: 0.0
  y: 0.0
  z: 0.0
  w: 1.0