subloc: 
position: 
  x: -88.1371256131
  y: 31.9942092621
  z: 0.0
orientation: 
  x: -0.0
  y: -0.0
  z: -0.0809902182815
  w: 0.996714896318

maploc: 
position: 
  x: -111.965515137
  y: 8.2515625
  z: 0.0
orientation: 
  x: 0.0
  y: 0.0
  z: 0.0
  w: 1.0