subloc: 
position: 
  x: -73.587777334
  y: 31.764199837
  z: 0.0
orientation: 
  x: -0.0
  y: -0.0
  z: -0.056149371676
  w: 0.998422379587

maploc: 
position: 
  x: -92.1428833008
  y: 12.052243042
  z: 0.0
orientation: 
  x: 0.0
  y: 0.0
  z: 0.0
  w: 1.0