subloc: 
position: 
  x: -49.1344741399
  y: -24.3507699337
  z: 0.0
orientation: 
  x: -0.0
  y: -0.0
  z: -0.0222841912818
  w: 0.999751676577

maploc: 
position: 
  x: -62.9744995117
  y: -47.8031524658
  z: 0.0
orientation: 
  x: 0.0
  y: 0.0
  z: 0.0
  w: 1.0