subloc: 
position: 
  x: -22.0817072281
  y: 90.1602875432
  z: 0.0
orientation: 
  x: -0.0
  y: -0.0
  z: -0.140357980034
  w: 0.990100821856

maploc: 
position: 
  x: -43.3019775391
  y: 66.6809570313
  z: 0.0
orientation: 
  x: 0.0
  y: 0.0
  z: 0.0
  w: 1.0