subloc: 
position: 
  x: 14.6364231934
  y: 21.3360300829
  z: 0.0
orientation: 
  x: -0.0
  y: -0.0
  z: -0.228600314424
  w: 0.973520362522

maploc: 
position: 
  x: -6.86837005615
  y: -3.24380493164
  z: 0.0
orientation: 
  x: 0.0
  y: 0.0
  z: 0.0
  w: 1.0