subloc: 
position: 
  x: -77.5275518585
  y: 22.0766795416
  z: 0.0
orientation: 
  x: -0.0
  y: -0.0
  z: -0.0588442815027
  w: 0.998267173924

maploc: 
position: 
  x: -93.9082641602
  y: -10.2460174561
  z: 0.0
orientation: 
  x: 0.0
  y: 0.0
  z: 0.0
  w: 1.0