subloc: 
position: 
  x: -38.9526369873
  y: 78.2249247608
  z: 0.0
orientation: 
  x: -0.0
  y: -0.0
  z: -0.145050169372
  w: 0.989424301483

maploc: 
position: 
  x: -56.9409851074
  y: 55.2093811035
  z: 0.0
orientation: 
  x: 0.0
  y: 0.0
  z: 0.0
  w: 1.0