subloc: 
position: 
  x: -74.39576751
  y: 153.637514541
  z: 0.0
orientation: 
  x: -0.0
  y: -0.0
  z: -0.155231936815
  w: 0.987878052086

maploc: 
position: 
  x: -96.822467041
  y: 127.715844727
  z: 0.0
orientation: 
  x: 0.0
  y: 0.0
  z: 0.0
  w: 1.0