subloc: 
position: 
  x: -77.4992251616
  y: 30.8505300468
  z: 0.0
orientation: 
  x: -0.0
  y: -0.0
  z: -0.0484230726671
  w: 0.998826914952

maploc: 
position: 
  x: -91.7118591309
  y: 7.77895812988
  z: 0.0
orientation: 
  x: 0.0
  y: 0.0
  z: 0.0
  w: 1.0