subloc: 
position: 
  x: -68.5907079796
  y: 58.9136331722
  z: 0.0
orientation: 
  x: -0.0
  y: -0.0
  z: -0.101856515183
  w: 0.994799100479

maploc: 
position: 
  x: -81.1077209473
  y: 34.1313964844
  z: 0.0
orientation: 
  x: 0.0
  y: 0.0
  z: 0.0
  w: 1.0