subloc: 
position: 
  x: -70.6723059712
  y: 160.887963248
  z: 0.0
orientation: 
  x: -0.0
  y: -0.0
  z: -0.177015501422
  w: 0.984208063499

maploc: 
position: 
  x: -98.8719238281
  y: 124.27989502
  z: 0.0
orientation: 
  x: 0.0
  y: 0.0
  z: 0.0
  w: 1.0