subloc: 
position: 
  x: -79.7131151519
  y: 102.613639186
  z: 0.0
orientation: 
  x: -0.0
  y: -0.0
  z: -0.204973162922
  w: 0.978767593702

maploc: 
position: 
  x: -115.315710449
  y: 65.8372192383
  z: 0.0
orientation: 
  x: 0.0
  y: 0.0
  z: 0.0
  w: 1.0