subloc: 
position: 
  x: -90.3794783369
  y: 73.126361707
  z: 0.0
orientation: 
  x: -0.0
  y: -0.0
  z: -0.216069956262
  w: 0.976377884838

maploc: 
position: 
  x: -113.908544922
  y: 56.8117553711
  z: 0.0
orientation: 
  x: 0.0
  y: 0.0
  z: 0.0
  w: 1.0