subloc: 
position: 
  x: 21.5753978295
  y: 10.1731341627
  z: 0.0
orientation: 
  x: -0.0
  y: -0.0
  z: -0.235652171848
  w: 0.971837462698

maploc: 
position: 
  x: -1.09060211182
  y: -14.1992370605
  z: 0.0
orientation: 
  x: 0.0
  y: 0.0
  z: 0.0
  w: 1.0