subloc: 
position: 
  x: -91.0134180603
  y: 29.7452019174
  z: 0.0
orientation: 
  x: -0.0
  y: -0.0
  z: -0.0834373516629
  w: 0.996513024675

maploc: 
position: 
  x: -101.997662354
  y: 18.3876586914
  z: 0.0
orientation: 
  x: 0.0
  y: 0.0
  z: 0.0
  w: 1.0