subloc: 
position: 
  x: -38.7146090912
  y: 80.742509557
  z: 0.0
orientation: 
  x: -0.0
  y: -0.0
  z: -0.113298439431
  w: 0.99356100146

maploc: 
position: 
  x: -60.1093383789
  y: 58.9589050293
  z: 0.0
orientation: 
  x: 0.0
  y: 0.0
  z: 0.0
  w: 1.0