subloc: 
position: 
  x: -9.24619535401
  y: -0.46864034979
  z: 0.0
orientation: 
  x: -0.0
  y: -0.0
  z: -0.236223620006
  w: 0.971698719435

maploc: 
position: 
  x: -28.9790863037
  y: -21.0633911133
  z: 0.0
orientation: 
  x: 0.0
  y: 0.0
  z: 0.0
  w: 1.0