subloc: 
position: 
  x: -73.2923349087
  y: 60.1993579998
  z: 0.0
orientation: 
  x: -0.0
  y: -0.0
  z: -0.102410683485
  w: 0.994742203743

maploc: 
position: 
  x: -86.2610656738
  y: 48.1965270996
  z: 0.0
orientation: 
  x: 0.0
  y: 0.0
  z: 0.0
  w: 1.0