subloc: 
position: 
  x: 41.024902569
  y: -11.5861865306
  z: 0.0
orientation: 
  x: -0.0
  y: -0.0
  z: -0.229200598217
  w: 0.973379209649

maploc: 
position: 
  x: 23.6745758057
  y: -26.2603149414
  z: 0.0
orientation: 
  x: 0.0
  y: 0.0
  z: 0.0
  w: 1.0