subloc: 
position: 
  x: -52.0859408922
  y: -8.13080751367
  z: 0.0
orientation: 
  x: -0.0
  y: -0.0
  z: -0.0613357485545
  w: 0.998117190489

maploc: 
position: 
  x: -73.1958862305
  y: -22.0450317383
  z: 0.0
orientation: 
  x: 0.0
  y: 0.0
  z: 0.0
  w: 1.0