subloc: 
position: 
  x: 47.481368766
  y: -22.9643694066
  z: 0.0
orientation: 
  x: -0.0
  y: -0.0
  z: -0.234083816322
  w: 0.972216419804

maploc: 
position: 
  x: 35.2451263428
  y: -31.1491210938
  z: 0.0
orientation: 
  x: 0.0
  y: 0.0
  z: 0.0
  w: 1.0