subloc: 
position: 
  x: -83.9213600572
  y: 59.4444703796
  z: 0.0
orientation: 
  x: -0.0
  y: -0.0
  z: -0.100126805887
  w: 0.994974684473

maploc: 
position: 
  x: -90.1657714844
  y: 45.736126709
  z: 0.0
orientation: 
  x: 0.0
  y: 0.0
  z: 0.0
  w: 1.0