subloc: 
position: 
  x: -80.0135959805
  y: 42.4135800676
  z: 0.0
orientation: 
  x: -0.0
  y: -0.0
  z: -0.0775336890506
  w: 0.996989732676

maploc: 
position: 
  x: -94.2561950684
  y: 25.1433807373
  z: 0.0
orientation: 
  x: 0.0
  y: 0.0
  z: 0.0
  w: 1.0