subloc: 
position: 
  x: -90.3319167852
  y: 29.6225454498
  z: 0.0
orientation: 
  x: -0.0
  y: -0.0
  z: -0.0814431716969
  w: 0.996677987007

maploc: 
position: 
  x: -112.011608887
  y: 8.28480834961
  z: 0.0
orientation: 
  x: 0.0
  y: 0.0
  z: 0.0
  w: 1.0