subloc: 
position: 
  x: -46.0938969958
  y: -14.3094681636
  z: 0.0
orientation: 
  x: -0.0
  y: -0.0
  z: -0.0210874402926
  w: 0.999777635208

maploc: 
position: 
  x: -54.2707092285
  y: -28.2035797119
  z: 0.0
orientation: 
  x: 0.0
  y: 0.0
  z: 0.0
  w: 1.0